Thread,8,32,50640.77,-420.00,35,140.00,-15960.00,13.62,13.62,100.00
Thread,0,3,50075.53,-370.00,2,-40.00,86475.98,-8.44,-8.44,100.00
Thread,6,26,49093.21,-290.00,25,250.00,48403.21,-0.43,-0.43,100.00
Thread,5,22,49650.23,-380.00,21,30.00,-37655.00,5.19,5.19,100.00
Thread,10,41,46913.36,-770.00,43,300.00,45683.36,-20.69,-20.69,100.00
Thread,4,18,45945.23,-80.00,19,400.00,45305.23,23.16,23.16,100.00
Thread,2,9,50644.10,-750.00,11,220.00,49504.10,11.47,11.47,100.00
Thread,9,36,46493.76,110.00,37,250.00,46193.76,17.17,17.17,100.00
Thread,1,4,50249.13,-750.00,5,-50.00,86713.32,6.40,6.40,100.00
Thread,14,59,44794.80,30.00,59,10.00,44674.80,-31.56,-31.56,100.00
Thread,13,53,49930.23,-230.00,52,20.00,49530.23,-8.10,-8.10,100.00
Thread,11,46,50282.23,-740.00,45,90.00,49302.23,6.71,6.71,100.00
Thread,15,62,49257.88,100.00,63,160.00,49037.88,-4.95,-4.95,100.00
Thread,16,65,49609.77,-740.00,66,-10.00,48709.77,0.89,0.89,100.00
Thread,17,68,50051.79,-750.00,70,520.00,48661.79,4.63,4.63,100.00
Thread,21,84,50061.82,-290.00,85,70.00,-708.77,8.98,8.98,100.00
Thread,20,83,50171.43,-130.00,80,100.00,49761.43,-11.60,-11.60,100.00
Thread,19,78,50753.00,-760.00,79,20.00,49813.00,11.30,11.30,100.00
Thread,12,48,37358.23,-750.00,51,60.00,36388.23,-4.03,-4.03,100.00
Thread,18,73,46725.61,-740.00,74,-30.00,45865.61,22.20,22.20,100.00
Thread,22,88,50403.30,-340.00,91,410.00,49533.30,-11.93,-11.93,100.00
Thread,23,94,49861.15,-250.00,93,-20.00,-15865.00,7.54,7.54,100.00
Best,A&B,50753.00,-760.00
----------------------------------------
Execution,149999,150000,149999,149999,1649980,Eve-Adversary
Adversary,0,10,1649980
Best,Eve,60.00
Adversary,1,10,1649981
Best,Eve,70.00
Adversary,2,10,1649982
Best,Eve,140.00
Adversary,3,10,1649983
Best,Eve,60.00
Adversary,4,10,1649984
Best,Eve,150.00
Adversary,5,10,1649985
Best,Eve,110.00
Adversary,6,10,1649986
Best,Eve,260.00
Adversary,7,10,1649987
Best,Eve,140.00
Adversary,8,10,1649988
Best,Eve,140.00
Adversary,9,10,1649989
Best,Eve,110.00
Execution,149999,150000,149999,149999,1649990,Alice-Encrypt
Thread,9,38,36334.55,-150.00,36,0.00,36014.55,-1.50,-1.50,100.00
Thread,1,4,49520.04,-170.00,6,110.00,49120.04,-5.06,-5.06,100.00
Thread,4,16,49317.20,-290.00,17,40.00,48837.20,-2.27,-2.27,100.00
Thread,0,1,49584.93,-60.00,3,170.00,49174.93,-6.55,-6.55,100.00
Thread,8,34,36248.07,100.00,35,150.00,36088.07,5.31,5.31,100.00
Thread,6,26,36515.48,-140.00,24,160.00,36085.48,-4.44,-4.44,100.00
Thread,5,20,49027.73,240.00,20,240.00,48867.73,-4.33,-4.33,100.00
Thread,2,9,37372.30,-720.00,10,110.00,36352.30,-5.25,-5.25,100.00
Thread,7,30,49630.73,-360.00,28,100.00,6615.88,-4.80,-4.80,100.00
Thread,3,12,37200.70,-10.00,14,180.00,36870.70,11.95,11.95,100.00
Thread,10,43,49181.36,-100.00,42,-10.00,48941.36,-2.81,-2.81,100.00
Thread,22,89,49096.05,-70.00,88,210.00,48666.05,-2.09,-2.09,100.00
Thread,11,44,50263.35,-750.00,45,360.00,48953.35,6.53,6.53,100.00
Thread,23,94,49470.98,-60.00,95,50.00,49200.98,-5.60,-5.60,100.00
Thread,12,50,36254.23,-60.00,48,-30.00,-28594.46,-0.56,-0.56,100.00
Thread,20,83,36241.89,-30.00,80,100.00,35961.89,-2.60,-2.60,100.00
Thread,17,71,37358.56,-40.00,70,100.00,37068.56,10.39,10.39,100.00
Thread,13,53,50055.18,-20.00,55,190.00,49715.18,11.64,11.64,100.00
Thread,14,58,50339.02,-210.00,56,180.00,2210.21,-12.73,-12.73,100.00
Thread,18,74,45418.57,-200.00,75,80.00,-2631.08,28.33,28.33,100.00
Thread,15,61,49583.04,80.00,61,90.00,49443.04,8.03,8.03,100.00
Thread,16,64,48809.39,-30.00,65,180.00,-15825.00,-0.24,-0.24,100.00
Thread,21,84,46833.76,-290.00,85,120.00,-4858.50,17.65,17.65,100.00
Thread,19,77,49053.47,-240.00,78,200.00,48493.47,-0.51,-0.51,100.00
Best,A&B,50339.02,-210.00
Execution,149999,150000,150000,149999,1649990,Bob-Decrypt
Thread,4,19,49706.53,-260.00,16,300.00,49056.53,-7.17,-7.17,100.00
Thread,3,14,49674.41,-250.00,12,170.00,49154.41,5.90,5.90,100.00
Thread,1,4,49582.75,-90.00,6,-20.00,49372.75,6.34,6.34,100.00
Thread,6,26,49212.93,-90.00,25,130.00,48842.93,-3.08,-3.08,100.00
Thread,5,21,49558.56,-240.00,22,180.00,-15770.00,4.78,4.78,100.00
Thread,7,30,49755.41,110.00,31,190.00,49575.41,10.20,10.20,100.00
Thread,2,9,47553.08,-740.00,11,70.00,46613.08,15.58,15.58,100.00
Thread,8,35,49332.27,-230.00,32,120.00,-15950.00,2.99,2.99,100.00
Thread,0,1,49124.57,-240.00,3,270.00,85305.27,1.01,1.01,100.00
Thread,16,64,48993.10,-40.00,66,280.00,48533.10,1.65,1.65,100.00
Thread,11,44,50006.94,-750.00,47,60.00,49076.94,-4.23,-4.23,100.00
Thread,12,50,46882.82,-170.00,49,190.00,-15170.00,16.14,16.14,100.00
Thread,9,38,49513.32,-50.00,37,10.00,49303.32,-5.98,-5.98,100.00
Thread,17,71,47293.13,-530.00,68,-50.00,46653.13,-15.97,-15.97,100.00
Thread,10,43,49585.86,-130.00,42,50.00,49255.86,-6.97,-6.97,100.00
Thread,13,54,49769.64,-150.00,55,340.00,49159.64,7.81,7.81,100.00
Thread,20,83,49354.18,-180.00,81,80.00,1519.19,3.69,3.69,100.00
Thread,19,79,49228.02,-60.00,76,0.00,49008.02,-3.46,-3.46,100.00
Thread,23,94,49158.54,-150.00,93,30.00,48828.54,-2.11,-2.11,100.00
Thread,14,59,50107.77,-150.00,56,160.00,1983.35,-10.94,-10.94,100.00
Thread,18,73,46854.78,-40.00,74,240.00,46434.78,-15.16,-15.16,100.00
Thread,15,60,50259.42,-180.00,61,-130.00,50049.42,-12.10,-12.10,100.00
Thread,22,88,45541.82,-170.00,89,260.00,44971.82,27.03,27.03,100.00
Thread,21,87,36976.79,-120.00,85,250.00,36476.79,6.34,6.34,100.00
Best,A&B,50259.42,-180.00
----------------------------------------
TimeDiff: 7693 secs
Last best score: 50259.417969
