Thread,1,6,57957.23,-100.00,7,620.00,111794.95,-4.94,-4.94,100.00
Thread,0,2,58720.00,-150.00,0,330.00,57800.00,3.61,3.61,100.00
Thread,4,17,58613.89,170.00,16,2820.00,55513.89,0.23,0.23,100.00
Thread,8,32,59026.59,250.00,32,250.00,58596.59,5.52,5.52,100.00
Thread,3,12,54110.76,50.00,14,140.00,53550.76,6.74,6.74,100.00
Thread,7,31,72112.88,-210.00,29,40.00,71442.88,6.76,6.76,100.00
Thread,6,24,71717.27,140.00,26,330.00,71107.27,-8.60,-8.60,100.00
Thread,22,89,58416.65,100.00,88,2610.00,-9502.88,-0.09,-0.09,100.00
Thread,20,83,71086.00,130.00,80,120.00,70586.00,0.41,0.41,100.00
Thread,17,69,58205.20,-90.00,71,1010.00,56685.20,-0.85,-0.85,100.00
Thread,2,9,59412.95,-720.00,8,1770.00,56472.95,0.51,0.51,100.00
Thread,23,92,72264.88,-150.00,94,210.00,71454.88,-7.48,-7.48,100.00
Thread,14,59,59869.86,110.00,57,430.00,59139.86,-12.58,-12.58,100.00
Thread,9,37,59927.78,-50.00,38,330.00,59037.78,-12.51,-12.51,100.00
Thread,13,55,58959.90,-130.00,53,2820.00,55679.90,-3.70,-3.70,100.00
Thread,21,84,58368.84,-90.00,85,-40.00,57838.84,9.05,9.05,100.00
Thread,19,77,58172.09,-50.00,76,50.00,-9758.72,-4.99,-4.99,100.00
Thread,18,72,31694.14,150.00,72,150.00,31224.14,7.85,7.85,100.00
Thread,12,51,71140.28,30.00,50,160.00,11073.92,-1.55,-1.55,100.00
Thread,11,44,55072.75,-60.00,46,3240.00,51242.75,19.90,19.90,100.00
Thread,15,62,58065.72,-10.00,60,130.00,57515.72,-13.51,-13.51,100.00
Thread,16,65,71262.71,10.00,66,510.00,70192.71,0.87,0.87,100.00
Best,A&B,72264.88,-150.00
----------------------------------------
Execution,149999,150000,149999,149999,1649980,Eve-Adversary
Adversary,0,10,1649980
Best,Eve,250.00
Adversary,1,10,1649981
Best,Eve,1090.00
Adversary,2,10,1649982
Best,Eve,670.00
Adversary,3,10,1649983
Best,Eve,460.00
Adversary,4,10,1649984
Best,Eve,460.00
Adversary,5,10,1649985
Best,Eve,460.00
Adversary,6,10,1649986
Best,Eve,250.00
Adversary,7,10,1649987
Best,Eve,670.00
Adversary,8,10,1649988
Best,Eve,530.00
Adversary,9,10,1649989
Best,Eve,1090.00
Execution,149999,150000,149999,149999,1649990,Alice-Encrypt
Thread,7,29,58141.34,280.00,31,360.00,57661.34,2.51,2.51,100.00
Thread,3,14,71597.47,-340.00,12,190.00,70677.47,2.10,2.10,100.00
Thread,2,9,59287.37,-830.00,8,720.00,57287.37,0.30,0.30,100.00
Thread,0,1,59555.57,-330.00,0,290.00,-15182.27,-12.11,-12.11,100.00
Thread,5,22,59209.45,140.00,21,160.00,58739.45,7.05,7.05,100.00
Thread,4,19,58879.22,-110.00,16,2190.00,56259.22,-4.34,-4.34,100.00
Thread,6,26,58929.39,420.00,26,410.00,58429.39,-6.09,-6.09,100.00
Thread,1,6,59282.85,-250.00,7,10.00,58572.85,-7.79,-7.79,100.00
Thread,22,89,58939.68,-50.00,90,300.00,15964.69,-12.31,-12.31,100.00
Thread,8,32,58391.08,-30.00,34,20.00,-29541.85,-11.13,-11.13,100.00
Thread,10,42,72006.16,-220.00,43,40.00,-11587.40,4.40,4.40,100.00
Thread,23,92,58751.59,390.00,92,390.00,58331.59,-4.32,-4.32,100.00
Thread,9,39,57359.12,80.00,37,180.00,-14462.03,-5.41,-5.41,100.00
Thread,17,68,58176.55,-750.00,70,1350.00,7741.55,5.74,5.74,100.00
Thread,12,51,59520.89,-50.00,50,-20.00,59040.89,-9.61,-9.61,100.00
Thread,18,75,-9078.87,-70.00,74,1350.00,-57499.21,-10.51,-9.70,68.27
Thread,14,57,72853.12,-290.00,56,1980.00,16928.13,-14.15,-14.15,100.00
Thread,19,78,26576.16,1160.00,78,1140.00,26046.16,-0.49,-0.49,100.00
Thread,20,80,71931.39,-30.00,81,230.00,11366.17,-7.82,-7.82,100.00
Thread,13,53,58130.53,10.00,52,250.00,57440.53,-6.65,-6.65,100.00
Thread,16,67,59581.57,-450.00,64,220.00,58441.57,4.41,4.41,100.00
Thread,15,63,56908.81,220.00,61,250.00,-8959.98,1.74,1.74,100.00
Thread,11,44,58521.64,-60.00,47,1140.00,-29012.88,-4.94,-4.94,100.00
Thread,21,84,57806.98,180.00,87,1980.00,19561.99,-1.93,-1.93,100.00
Best,A&B,72853.12,-290.00
Execution,149999,150000,150000,149999,1649990,Bob-Decrypt
Thread,1,6,59440.43,-230.00,4,450.00,116447.80,-7.20,-7.20,100.00
Thread,0,3,56132.84,-250.00,0,310.00,55162.84,15.94,15.94,100.00
Thread,5,20,72016.97,10.00,23,100.00,19524.00,-9.03,-9.03,100.00
Thread,3,14,71793.08,-200.00,12,-30.00,71223.08,3.98,3.98,100.00
Thread,2,9,59084.47,-830.00,8,1980.00,55824.47,-0.68,-0.68,100.00
Thread,4,19,59181.45,0.00,16,1350.00,57511.45,-5.79,-5.79,100.00
Thread,6,26,59683.23,-430.00,27,210.00,3597.81,-5.85,-5.85,100.00
Thread,22,89,58610.45,-50.00,88,480.00,-4085.88,1.42,1.42,100.00
Thread,7,29,59566.16,30.00,28,120.00,-615.55,8.49,8.49,100.00
Thread,18,75,71955.00,-50.00,74,2400.00,-13640.47,-6.27,-6.27,100.00
Thread,21,86,72720.84,-420.00,87,2610.00,33305.84,-9.86,-9.86,100.00
Thread,20,80,59237.94,-380.00,83,-30.00,-47418.00,-1.90,-1.90,100.00
Thread,19,76,58655.45,110.00,78,3240.00,-6248.75,2.17,2.17,100.00
Thread,23,92,59237.03,-140.00,93,290.00,-14247.93,8.50,8.50,100.00
Thread,8,35,13776.66,150.00,33,310.00,9605.11,1.92,-0.14,76.08
Thread,17,68,72619.96,-750.00,70,1140.00,18249.96,5.23,5.23,100.00
Thread,9,39,53549.06,200.00,37,350.00,-4652.63,-1.62,-1.62,100.00
Thread,10,41,60001.51,-310.00,43,0.00,59251.51,-10.77,-10.77,100.00
Thread,16,67,59047.99,-330.00,66,-60.00,58327.99,3.55,3.55,100.00
Thread,11,44,59291.61,-20.00,47,2400.00,-17245.91,-6.61,-6.61,100.00
Thread,13,55,58587.40,-310.00,52,130.00,57667.40,3.42,3.42,100.00
Thread,12,51,58830.81,-190.00,49,0.00,58250.81,4.40,4.40,100.00
Thread,14,59,59655.52,40.00,56,1980.00,5915.52,-10.81,-10.81,100.00
Thread,15,63,71793.43,-200.00,60,300.00,10391.29,5.09,5.09,100.00
Best,A&B,72720.84,-420.00
----------------------------------------
TimeDiff: 11811 secs
Last best score: 72720.843750
