Thread,3,12,69281.73,-330.00,15,-40.00,68371.73,9.52,9.52,100.00
Thread,4,19,69389.02,-10.00,16,180.00,137338.31,3.13,3.13,100.00
Thread,2,11,66967.38,-370.00,8,-80.00,135156.06,-9.63,-9.63,100.00
Thread,5,20,67493.80,10.00,23,90.00,66773.80,0.03,0.03,100.00
Thread,7,29,70098.71,-220.00,30,550.00,-702.83,7.61,7.61,100.00
Thread,0,1,68451.15,-30.00,3,130.00,67721.15,-2.43,-2.43,100.00
Thread,6,24,70271.73,-50.00,27,160.00,12896.74,5.03,5.03,100.00
Thread,13,55,34716.32,70.00,52,160.00,4575.27,6.06,6.06,100.00
Thread,11,45,82723.95,-20.00,44,130.00,81973.95,2.62,2.62,100.00
Thread,9,36,15029.49,140.00,38,430.00,7405.12,-2.04,-2.04,100.00
Thread,17,71,70206.89,-140.00,68,170.00,69276.89,2.86,2.86,100.00
Thread,10,43,70626.62,20.00,40,120.00,-24582.47,-7.78,-7.78,100.00
Thread,12,48,68647.05,-210.00,50,20.00,-2778.23,-5.84,-5.84,100.00
Thread,20,82,70139.09,70.00,80,100.00,69539.09,2.83,2.83,100.00
Thread,21,87,70033.73,-170.00,86,-30.00,-44870.55,-0.84,-0.84,100.00
Thread,18,75,82612.64,-220.00,73,10.00,24117.65,-3.25,-3.25,100.00
Thread,14,59,82821.67,90.00,56,130.00,82161.67,-4.23,-4.23,100.00
Thread,15,60,70280.70,10.00,61,100.00,69560.70,-3.44,-3.44,100.00
Thread,23,93,83031.84,-100.00,92,150.00,39836.83,-4.58,-4.58,100.00
Thread,22,89,69850.23,-130.00,88,100.00,-23702.02,1.63,1.63,100.00
Thread,16,64,69643.75,-40.00,66,10.00,69003.75,0.84,0.84,100.00
Thread,19,79,69623.88,40.00,79,40.00,69023.88,1.33,1.33,100.00
Best,A&B,83730.34,-210.00
----------------------------------------
Execution,149999,150000,149999,149999,1649980,Eve-Adversary
Adversary,0,10,1649980
Best,Eve,130.00
Adversary,1,10,1649981
Best,Eve,150.00
Adversary,2,10,1649982
Best,Eve,100.00
Adversary,3,10,1649983
Best,Eve,200.00
Adversary,4,10,1649984
Best,Eve,120.00
Adversary,5,10,1649985
Best,Eve,140.00
Adversary,6,10,1649986
Best,Eve,140.00
Adversary,7,10,1649987
Best,Eve,180.00
Adversary,8,10,1649988
Best,Eve,70.00
Adversary,9,10,1649989
Best,Eve,80.00
Execution,149999,150000,149999,149999,1649990,Alice-Encrypt
Thread,10,43,66611.08,0.00,42,130.00,65881.08,4.31,4.31,100.00
Thread,8,32,67003.61,210.00,32,210.00,66433.61,1.74,1.74,100.00
Thread,1,5,69365.70,-190.00,7,130.00,68475.70,9.36,9.36,100.00
Thread,3,12,69404.23,-110.00,14,310.00,68414.23,-1.37,-1.37,100.00
Thread,0,2,67178.41,-70.00,1,240.00,66268.41,-2.15,-2.15,100.00
Thread,2,9,69700.92,-80.00,11,100.00,68890.92,7.35,7.35,100.00
Thread,4,19,68268.20,-220.00,16,250.00,67218.20,9.24,9.24,100.00
Thread,5,22,68284.05,-100.00,23,40.00,67544.05,-3.69,-3.69,100.00
Thread,9,36,21956.11,-80.00,37,100.00,-2727.17,-0.72,-0.69,100.00
Thread,7,29,69727.45,-80.00,28,70.00,68977.45,7.69,7.69,100.00
Thread,6,24,69893.55,-370.00,26,430.00,68483.55,-7.80,-7.80,100.00
Thread,16,65,66255.22,-150.00,67,140.00,65395.22,-5.19,-5.19,100.00
Thread,12,51,69741.06,-90.00,50,220.00,-5384.83,-5.60,-5.60,100.00
Thread,13,52,67817.77,-120.00,55,350.00,66747.77,-2.65,-2.65,100.00
Thread,14,57,69144.73,-370.00,56,110.00,68064.73,0.28,0.28,100.00
Thread,19,77,69360.36,-220.00,79,90.00,68480.36,0.04,0.04,100.00
Thread,11,45,69874.12,-250.00,46,110.00,68914.12,4.08,4.08,100.00
Thread,20,80,69509.81,-10.00,82,110.00,68769.81,2.04,2.04,100.00
Thread,17,69,69619.83,-300.00,68,150.00,-878.57,2.71,2.71,100.00
Thread,21,85,82943.25,40.00,84,180.00,-7687.88,8.80,8.80,100.00
Thread,15,62,69075.13,-170.00,60,170.00,68135.13,6.87,6.87,100.00
Thread,22,89,3720.67,-200.00,88,190.00,-21561.93,1.48,-0.80,56.71
Thread,18,72,70202.97,40.00,75,50.00,69612.97,-5.22,-5.22,100.00
Thread,23,94,68626.50,-170.00,92,370.00,2014.81,1.68,1.68,100.00
Best,A&B,82943.25,40.00
Execution,149999,150000,150000,149999,1649990,Bob-Decrypt
Thread,7,29,69452.45,-280.00,30,140.00,24647.45,-3.67,-3.67,100.00
Thread,0,1,67452.50,-260.00,2,330.00,23052.51,-4.77,-4.77,100.00
Thread,1,4,67272.61,-10.00,6,100.00,135286.83,-10.13,-10.13,100.00
Thread,2,10,68826.56,-200.00,8,0.00,137117.48,-7.21,-7.21,100.00
Thread,5,22,21343.32,10.00,23,140.00,-5847.15,5.39,5.40,100.00
Thread,8,35,67977.03,-140.00,32,170.00,67077.03,0.78,0.78,100.00
Thread,4,16,69490.22,50.00,18,70.00,68900.22,3.44,3.44,100.00
Thread,3,12,69545.42,-510.00,14,-40.00,136173.62,4.48,4.48,100.00
Thread,6,25,69937.70,-40.00,26,230.00,69077.70,3.46,3.46,100.00
Thread,21,84,82886.88,-40.00,85,50.00,82186.88,-3.93,-3.93,100.00
Thread,9,38,69142.23,-250.00,37,60.00,-2402.13,-8.74,-8.74,100.00
Thread,23,95,35941.86,-80.00,94,170.00,-7041.52,-1.89,-1.89,100.00
Thread,19,77,70599.05,-70.00,79,380.00,69579.05,8.13,8.13,100.00
Thread,22,89,70576.57,-500.00,88,150.00,69326.57,-3.84,-3.84,100.00
Thread,10,42,70523.84,-160.00,40,190.00,11618.78,5.09,5.09,100.00
Thread,11,44,69844.20,50.00,45,140.00,69164.20,4.34,4.34,100.00
Thread,14,57,70134.22,-30.00,58,160.00,-7590.46,1.62,1.62,100.00
Thread,20,80,69800.73,0.00,81,190.00,69000.73,-1.43,-1.43,100.00
Thread,12,50,68940.86,-130.00,48,120.00,-16342.02,-2.47,-2.47,100.00
Thread,16,66,82920.75,30.00,64,260.00,82090.75,-7.11,-7.11,100.00
Thread,15,62,70079.71,-170.00,61,200.00,-34477.34,-2.33,-2.33,100.00
Thread,17,71,16738.15,-90.00,69,-20.00,16408.07,-7.65,-7.65,100.00
Thread,18,72,83262.94,-250.00,74,180.00,-3055.91,5.39,5.39,100.00
Thread,13,52,83274.47,70.00,55,260.00,-6529.44,7.29,7.29,100.00
Best,A&B,83274.47,70.00
----------------------------------------
TimeDiff: 13458 secs
Last best score: 83274.468750
