Thread,1,7,4039.96,0.00,5,630.00,-20031.27,1.54,-1.27,63.37
Thread,7,29,2960.37,-110.00,31,110.00,2149.28,3.39,6.43,51.81
Thread,4,19,5889.39,-270.00,18,30.00,4912.24,34.80,5.59,51.40
Thread,5,23,-3404.79,40.00,23,40.00,-3449.79,-0.92,1.01,69.20
Thread,0,3,3184.86,-340.00,0,0.00,-71872.09,25.44,-0.20,56.72
Thread,6,26,3752.24,-130.00,24,310.00,-65247.12,1.82,6.65,53.99
Thread,9,39,-4413.27,-20.00,37,120.00,-34427.84,-6.02,-10.26,50.75
Thread,2,10,1563.29,-590.00,11,-30.00,-10490.27,13.19,15.31,67.51
Thread,12,49,-483.44,210.00,49,200.00,-538.44,6.19,8.59,61.64
Thread,10,40,-32363.93,-60.00,42,120.00,-43554.30,1.96,1.30,28.53
Thread,18,72,-7807.99,-140.00,73,100.00,-32594.57,28.11,-2.71,49.06
Thread,21,84,3348.89,10.00,87,260.00,-49884.51,4.18,2.53,64.95
Thread,16,67,2723.78,190.00,66,420.00,-94730.20,-2.70,-2.43,63.50
Thread,11,45,5774.29,120.00,44,360.00,4864.09,7.66,10.03,53.91
Thread,17,70,3753.79,10.00,71,100.00,-28168.19,3.25,-1.79,57.29
Thread,13,53,-10053.88,350.00,53,310.00,-10168.88,1.20,5.80,46.31
Thread,20,80,-16348.04,-110.00,83,20.00,-41716.26,-3.73,-7.37,56.81
Thread,23,93,4568.92,20.00,94,180.00,-77408.19,-1.25,-1.60,50.38
Thread,19,77,4835.72,-40.00,76,450.00,4330.83,-4.21,-7.43,50.47
Thread,22,88,-7797.16,60.00,88,60.00,-7932.16,21.42,-4.47,47.16
Thread,14,59,4552.74,-230.00,58,390.00,3827.28,-4.37,-1.41,51.48
Thread,15,63,-7921.12,-10.00,63,10.00,-8036.12,27.65,-2.54,49.28
Best,A&B,5889.39,-270.00
----------------------------------------
Execution,149999,150000,149999,149999,1649980,Eve-Adversary
Adversary,0,10,1649980
Best,Eve,130.00
Adversary,1,10,1649981
Best,Eve,250.00
Adversary,2,10,1649982
Best,Eve,90.00
Adversary,3,10,1649983
Best,Eve,120.00
Adversary,4,10,1649984
Best,Eve,110.00
Adversary,5,10,1649985
Best,Eve,70.00
Adversary,6,10,1649986
Best,Eve,200.00
Adversary,7,10,1649987
Best,Eve,130.00
Adversary,8,10,1649988
Best,Eve,170.00
Adversary,9,10,1649989
Best,Eve,120.00
Execution,149999,150000,149999,149999,1649990,Alice-Encrypt
Thread,9,37,-3031.60,100.00,39,140.00,-4684.30,17.51,-5.76,50.48
Thread,13,52,-7605.57,-50.00,55,190.00,-49390.54,14.94,-8.37,43.48
Thread,8,35,-12889.79,-30.00,32,130.00,-41406.68,-3.00,1.61,47.54
Thread,10,40,-18537.53,90.00,43,160.00,-59346.95,1.90,1.64,51.32
Thread,2,10,2879.79,-80.00,8,290.00,2066.96,14.51,-4.72,55.50
Thread,1,5,16231.49,50.00,5,40.00,16176.49,7.61,2.17,61.11
Thread,5,23,3786.37,-250.00,20,160.00,-7665.11,-5.21,-3.06,52.52
Thread,6,25,3803.84,90.00,26,140.00,3743.84,-0.73,-7.29,53.77
Thread,0,0,3204.81,40.00,1,180.00,2452.44,27.97,3.69,58.12
Thread,4,16,2017.24,140.00,18,260.00,1173.99,-1.73,0.52,57.06
Thread,7,31,3945.54,60.00,31,100.00,3850.54,34.26,6.38,58.85
Thread,3,13,4162.04,-60.00,12,-20.00,2887.22,36.96,6.40,53.90
Thread,17,68,5017.95,40.00,69,200.00,4762.95,32.74,6.47,54.91
Thread,14,56,-8622.44,80.00,57,90.00,-26812.17,-5.75,-4.83,46.62
Thread,11,45,2979.66,-20.00,44,220.00,-61605.86,29.28,2.28,58.35
Thread,12,48,3381.87,300.00,48,300.00,3291.87,1.10,-0.96,58.85
Thread,22,90,4471.16,80.00,89,360.00,-36354.70,0.80,4.25,51.18
Thread,23,93,3454.53,260.00,94,390.00,-78476.62,5.64,8.58,58.73
Thread,18,72,3117.76,100.00,73,180.00,-17998.71,-5.87,-0.47,64.01
Thread,15,62,3606.40,-220.00,60,110.00,3269.06,1.68,-2.66,55.58
Thread,19,77,4526.88,90.00,77,90.00,4406.88,-8.09,-5.52,54.08
Thread,16,67,5174.25,150.00,67,150.00,5039.25,-2.99,-0.59,56.20
Thread,21,84,3756.24,90.00,86,130.00,3568.79,30.27,-1.01,53.31
Thread,20,80,-17558.08,70.00,82,400.00,-38981.14,-5.98,-5.69,37.57
Best,A&B,16231.49,50.00
Execution,149999,150000,150000,149999,1649990,Bob-Decrypt
Thread,3,14,17101.47,90.00,13,110.00,16895.74,-2.06,4.78,55.86
Thread,7,31,3048.57,0.00,29,310.00,-32214.90,22.24,1.20,63.96
Thread,6,27,4769.69,300.00,27,260.00,4689.69,-4.47,-5.52,54.54
Thread,5,22,4459.00,20.00,20,50.00,-8642.30,26.90,2.29,55.21
Thread,0,2,3796.48,-30.00,0,170.00,2976.25,0.25,7.78,58.12
Thread,8,32,4951.82,-70.00,33,310.00,3986.36,3.53,8.16,54.28
Thread,2,9,2721.86,190.00,9,180.00,5341.65,21.94,-0.09,51.07
Thread,4,19,-9215.08,-80.00,16,330.00,-9713.36,4.89,1.96,47.95
Thread,1,4,-7717.23,100.00,6,250.00,-4031.23,-1.35,-0.84,48.79
Thread,23,95,3852.81,-330.00,93,110.00,-15460.45,7.54,5.11,55.87
Thread,11,44,12261.35,-10.00,47,200.00,-37824.12,4.65,0.48,55.34
Thread,10,42,2688.72,-60.00,41,280.00,-45176.11,-4.22,-4.56,54.08
Thread,12,50,4137.89,50.00,51,360.00,-11748.30,24.04,1.73,56.31
Thread,9,38,3069.03,130.00,36,340.00,2749.03,23.75,-2.09,55.65
Thread,19,76,4455.48,-140.00,77,150.00,-56825.14,32.93,7.51,59.54
Thread,21,86,-31009.45,-180.00,85,210.00,-53206.89,7.33,8.49,32.99
Thread,20,82,4469.11,290.00,82,300.00,4354.11,0.87,-7.05,50.80
Thread,14,56,-7599.99,-10.00,57,60.00,-7759.99,-1.68,-5.01,49.72
Thread,13,53,-8505.84,-90.00,52,180.00,-22672.23,3.00,0.54,48.10
Thread,15,62,1910.18,-150.00,61,30.00,-12781.22,0.25,1.27,62.05
Thread,22,90,-6452.21,-10.00,88,80.00,-17026.23,5.36,5.34,100.00
Thread,18,75,17292.95,110.00,75,110.00,17167.95,3.54,-1.76,53.18
Thread,16,67,4361.60,90.00,66,130.00,-8605.75,0.68,-2.45,50.42
Thread,17,70,4725.72,30.00,70,40.00,4595.72,0.35,5.05,51.27
Best,A&B,17292.95,110.00
----------------------------------------
TimeDiff: 12629 secs
Last best score: 17292.953125
