Thread,6,25,45513.91,-270.00,24,30.00,-1224.85,3.00,3.00,100.00
Thread,1,4,59103.81,-170.00,6,90.00,58383.81,3.60,3.60,100.00
Thread,23,92,58817.42,120.00,95,240.00,-22857.46,-2.57,-2.57,100.00
Thread,5,20,71868.52,260.00,20,260.00,71428.52,7.61,7.61,100.00
Thread,9,39,58874.74,240.00,39,250.00,58364.74,-7.57,-7.57,100.00
Thread,3,15,53518.62,-310.00,14,50.00,109578.10,-5.94,-5.94,100.00
Thread,8,32,59491.84,0.00,33,200.00,14166.86,-11.19,-11.19,100.00
Thread,7,28,19741.54,140.00,28,140.00,19281.54,1.31,1.31,100.00
Thread,4,17,56273.89,-190.00,16,70.00,55563.89,-17.33,-17.33,100.00
Thread,17,68,57760.03,-240.00,69,150.00,56910.03,-0.16,-0.16,100.00
Thread,13,54,71049.05,120.00,52,220.00,70519.05,-0.19,-0.19,100.00
Thread,10,41,-2752.20,-10.00,42,130.00,-2907.20,-1.01,10.35,56.41
Thread,16,64,60794.26,-740.00,67,160.00,59444.26,-14.55,-14.55,100.00
Thread,11,44,54083.96,-100.00,47,50.00,53433.96,1.91,1.91,100.00
Thread,12,49,59333.64,-30.00,51,30.00,17346.60,-8.18,-8.18,100.00
Thread,14,59,59029.01,-210.00,58,-10.00,58379.01,-1.74,-1.74,100.00
Thread,15,62,58614.23,-110.00,60,140.00,-7123.11,-0.03,-0.03,100.00
Thread,21,86,58585.13,60.00,85,160.00,-1807.89,2.21,2.21,100.00
Thread,18,72,56742.50,-300.00,73,290.00,-11560.27,15.46,15.46,100.00
Thread,20,83,71544.20,-60.00,81,50.00,7075.07,4.21,4.21,100.00
Thread,19,76,72492.19,-150.00,79,30.00,71872.19,-9.67,-9.67,100.00
Thread,22,91,58665.75,-20.00,88,290.00,-1612.54,-0.09,-0.09,100.00
Best,A&B,72492.19,-150.00
----------------------------------------
Execution,149999,150000,149999,149999,1649980,Eve-Adversary
Adversary,0,10,1649980
Best,Eve,190.00
Adversary,1,10,1649981
Best,Eve,80.00
Adversary,2,10,1649982
Best,Eve,90.00
Adversary,3,10,1649983
Best,Eve,100.00
Adversary,4,10,1649984
Best,Eve,90.00
Adversary,5,10,1649985
Best,Eve,170.00
Adversary,6,10,1649986
Best,Eve,130.00
Adversary,7,10,1649987
Best,Eve,90.00
Adversary,8,10,1649988
Best,Eve,60.00
Adversary,9,10,1649989
Best,Eve,160.00
Execution,149999,150000,149999,149999,1649990,Alice-Encrypt
Thread,11,45,58397.88,-130.00,44,230.00,57587.88,8.94,8.94,100.00
Thread,6,24,58889.62,-280.00,25,10.00,-3338.98,-9.85,-9.85,100.00
Thread,13,52,-2176.16,-70.00,55,330.00,-4520.46,-5.46,-7.66,64.12
Thread,9,37,58172.98,-70.00,38,150.00,-1761.48,-0.83,-0.83,100.00
Thread,5,22,34041.71,-100.00,23,210.00,-18355.84,11.44,11.44,100.00
Thread,1,7,57659.66,-150.00,5,-40.00,57089.66,3.09,3.09,100.00
Thread,0,3,58304.77,-50.00,0,270.00,57534.77,-6.55,-6.55,100.00
Thread,8,34,57134.73,-40.00,32,170.00,43489.73,-4.92,-4.92,100.00
Thread,7,30,59196.22,-170.00,28,80.00,5106.81,-14.12,-14.12,100.00
Thread,4,19,58477.43,-240.00,16,130.00,57677.43,12.45,12.45,100.00
Thread,19,79,71683.06,-20.00,76,100.00,71123.06,3.51,3.51,100.00
Thread,2,9,58436.91,-70.00,10,160.00,57756.91,-7.50,-7.50,100.00
Thread,16,67,59195.00,-20.00,66,160.00,58565.00,-4.52,-4.52,100.00
Thread,20,82,71377.83,200.00,82,200.00,70897.83,-2.70,-2.70,100.00
Thread,14,59,19531.59,-240.00,58,110.00,-1712.71,9.62,9.62,100.00
Thread,3,12,59464.03,-160.00,15,320.00,-1849.44,-14.55,-14.55,100.00
Thread,12,51,23650.74,-190.00,49,-10.00,-1718.27,3.78,3.65,99.99
Thread,17,69,71556.27,-50.00,71,400.00,-21914.46,-2.18,-2.18,100.00
Thread,10,41,69079.00,-250.00,40,-10.00,68389.00,-18.45,-18.45,100.00
Thread,18,75,58809.97,-70.00,72,140.00,-39663.36,-3.35,-3.35,100.00
Thread,21,84,58961.12,180.00,87,210.00,-1697.60,5.42,5.42,100.00
Thread,15,63,72671.92,-150.00,61,110.00,-6211.03,-11.50,-11.50,100.00
Thread,23,94,11345.99,70.00,92,70.00,10354.55,-12.43,-4.72,56.73
Thread,22,88,58741.85,-380.00,89,270.00,26941.86,0.90,0.90,100.00
Best,A&B,72671.92,-150.00
Execution,149999,150000,150000,149999,1649990,Bob-Decrypt
Thread,4,19,57944.67,-270.00,18,40.00,57184.67,11.89,11.89,100.00
Thread,6,26,54225.38,110.00,27,170.00,-5206.37,15.32,15.32,100.00
Thread,14,57,57306.29,-250.00,58,240.00,-59919.62,-3.92,-3.92,100.00
Thread,5,23,30555.59,-30.00,22,130.00,-10429.66,3.40,3.40,100.00
Thread,1,6,58077.26,-160.00,7,190.00,57247.26,-2.31,-2.31,100.00
Thread,12,51,57946.28,-430.00,48,-10.00,-2946.62,-1.39,-1.39,100.00
Thread,7,29,58988.41,150.00,29,140.00,58558.41,4.20,4.20,100.00
Thread,8,32,59142.05,-100.00,34,-10.00,58602.05,6.80,6.80,100.00
Thread,0,0,59675.91,-800.00,1,390.00,22135.91,-10.01,-10.01,100.00
Thread,2,9,58640.94,-80.00,11,370.00,115645.71,12.22,12.22,100.00
Thread,3,12,56830.04,-310.00,13,120.00,113039.70,-7.76,-7.76,100.00
Thread,18,74,71801.91,-160.00,73,170.00,71021.91,4.23,4.23,100.00
Thread,10,43,59466.64,-170.00,42,260.00,27426.64,5.79,5.79,100.00
Thread,21,84,71787.56,-150.00,87,110.00,-5609.61,-3.20,-3.20,100.00
Thread,22,88,59998.36,-410.00,90,230.00,58938.36,-10.89,-10.89,100.00
Thread,15,63,71965.42,-60.00,60,90.00,2209.54,-5.73,-5.73,100.00
Thread,11,46,59375.62,10.00,44,90.00,58825.62,-8.68,-8.68,100.00
Thread,9,37,57410.74,-260.00,38,270.00,-44743.32,-2.26,-2.26,100.00
Thread,16,64,58645.24,-90.00,67,260.00,57865.24,-1.46,-1.46,100.00
Thread,13,55,58724.77,-70.00,53,250.00,-1687.86,-2.46,-2.46,100.00
Thread,19,78,51036.79,-550.00,79,-20.00,50046.79,-15.11,-15.11,100.00
Thread,23,94,11309.26,110.00,94,130.00,11289.26,0.52,4.52,54.68
Thread,17,69,58689.45,-60.00,68,310.00,25704.45,0.04,0.04,100.00
Thread,20,80,-1635.80,-480.00,82,170.00,-38067.68,-3.51,-7.54,61.93
Best,A&B,71965.42,-60.00
----------------------------------------
TimeDiff: 11766 secs
Last best score: 71965.421875
