Thread,7,29,-15993.25,160.00,31,350.00,-44234.86,-5.07,0.67,68.49
Thread,4,16,16555.75,50.00,16,50.00,16435.75,20.38,-0.05,63.61
Thread,2,8,-29922.76,90.00,8,90.00,-29872.76,-2.66,-0.13,59.68
Thread,1,4,-7440.38,-380.00,6,-20.00,-48735.13,-6.31,5.15,57.56
Thread,6,27,-23798.33,170.00,27,180.00,-23603.33,-7.12,2.68,52.39
Thread,8,35,-32018.03,-30.00,33,30.00,-113828.00,6.40,-0.12,61.06
Thread,3,15,-19016.14,-440.00,12,-320.00,-73913.91,-4.51,-4.76,50.54
Thread,10,41,-18227.32,40.00,40,50.00,-60032.32,-7.48,0.75,56.64
Thread,17,68,-73874.42,140.00,68,140.00,-73579.42,19.37,-0.60,37.73
Thread,11,46,-26644.92,30.00,44,230.00,-27154.97,26.73,-4.81,38.58
Thread,13,54,-42344.10,0.00,52,90.00,-79602.39,1.22,5.65,42.72
Thread,14,57,-52917.70,-100.00,59,30.00,-98532.09,8.73,-2.61,19.96
Thread,5,23,-8330.44,120.00,23,110.00,-8380.44,19.09,-4.62,58.93
Thread,16,65,-35590.89,-460.00,67,-90.00,-94002.94,-0.84,-2.26,50.42
Thread,22,88,-13399.29,-150.00,91,150.00,-91648.08,30.95,5.58,61.19
Thread,19,77,-47970.41,160.00,78,330.00,-129035.13,-2.92,-4.96,37.36
Thread,20,80,-28127.96,-80.00,81,200.00,-87554.72,-7.06,-2.69,44.64
Thread,15,60,-27187.14,0.00,62,170.00,-46827.99,9.76,8.31,53.08
Thread,12,49,-21750.16,70.00,48,190.00,-85440.64,-5.94,-2.07,51.35
Thread,18,75,-29819.38,-750.00,73,-30.00,-91313.20,0.29,3.88,56.52
Thread,21,84,-78020.31,-70.00,85,90.00,-84482.20,-5.30,6.78,7.20
Thread,23,93,-40693.09,-750.00,94,20.00,-109497.82,6.05,2.89,45.45
Best,A&B,16555.75,50.00
----------------------------------------
Execution,149999,150000,149999,149999,1649980,Eve-Adversary
Adversary,0,10,1649980
Best,Eve,90.00
Adversary,1,10,1649981
Best,Eve,70.00
Adversary,2,10,1649982
Best,Eve,50.00
Adversary,3,10,1649983
Best,Eve,190.00
Adversary,4,10,1649984
Best,Eve,120.00
Adversary,5,10,1649985
Best,Eve,100.00
Adversary,6,10,1649986
Best,Eve,120.00
Adversary,7,10,1649987
Best,Eve,210.00
Adversary,8,10,1649988
Best,Eve,160.00
Adversary,9,10,1649989
Best,Eve,100.00
Execution,149999,150000,149999,149999,1649990,Alice-Encrypt
Thread,7,29,-40222.26,-710.00,31,70.00,-64198.59,-7.41,0.05,47.21
Thread,6,24,-47565.48,-100.00,25,140.00,-50371.72,-2.63,1.91,33.09
Thread,1,7,2903.94,-750.00,4,120.00,-33511.91,32.34,7.39,62.29
Thread,8,32,-25258.31,-330.00,34,450.00,-103240.02,26.82,1.39,38.77
Thread,4,18,-26354.62,150.00,17,160.00,-42139.41,5.44,1.76,50.61
Thread,0,0,-11396.59,60.00,3,170.00,-76978.45,-7.00,6.11,56.67
Thread,3,15,-9156.03,-360.00,13,110.00,-55465.28,22.10,-0.01,60.82
Thread,5,23,-12009.43,30.00,21,120.00,-53906.77,14.85,-6.61,60.33
Thread,10,42,-33045.03,40.00,40,120.00,-37750.20,11.66,-2.08,35.25
Thread,2,10,-48948.20,0.00,10,-20.00,-48728.20,14.95,4.57,38.69
Thread,9,39,-40626.22,-110.00,37,350.00,-58078.77,-6.27,4.72,47.53
Thread,18,72,-68543.45,-30.00,74,240.00,-77534.73,-1.22,-2.27,36.56
Thread,15,60,-60787.43,480.00,60,480.00,-60632.43,-7.21,-1.54,38.66
Thread,12,49,-10179.71,0.00,51,120.00,-42589.12,23.82,1.76,68.68
Thread,20,81,-51922.10,-360.00,82,320.00,-117095.15,-6.83,2.69,34.33
Thread,11,46,-46740.96,110.00,44,160.00,-62862.54,-6.56,1.55,38.07
Thread,13,54,-46309.04,270.00,55,400.00,-91831.16,-0.36,-0.02,48.35
Thread,14,58,-50602.95,40.00,56,390.00,-54110.81,9.82,2.75,36.66
Thread,19,77,-62062.40,-100.00,76,-20.00,-80444.53,17.53,7.11,16.62
Thread,16,65,-52813.70,-140.00,64,130.00,-63274.62,-5.94,-5.57,45.43
Thread,17,69,-87945.61,-240.00,71,30.00,-97687.66,-4.86,0.29,24.15
Thread,23,94,-66039.33,-300.00,95,290.00,-84824.14,-4.20,1.00,42.77
Thread,21,84,-24271.56,-300.00,86,2820.00,-70996.31,5.80,5.07,62.11
Thread,22,88,-27786.61,-40.00,88,-40.00,-27736.61,1.28,-2.79,55.93
Best,A&B,2903.94,-750.00
Execution,149999,150000,150000,149999,1649990,Bob-Decrypt
Thread,3,15,-6782.43,-40.00,13,150.00,-57929.80,20.45,-7.23,53.09
Thread,6,27,-53306.25,-10.00,27,20.00,-53156.25,-0.62,-2.19,21.73
Thread,4,17,-26253.96,-200.00,18,450.00,-44914.48,12.68,6.31,51.23
Thread,1,6,-12025.99,110.00,6,130.00,-11895.99,22.40,-5.09,57.56
Thread,11,47,-32320.67,120.00,47,100.00,-32200.67,3.52,-0.71,53.19
Thread,7,30,-43388.30,20.00,31,300.00,-56074.11,-8.01,5.77,27.97
Thread,8,32,-492.36,-60.00,33,220.00,-39283.21,-4.20,2.92,56.17
Thread,10,40,-30650.50,380.00,40,380.00,-30650.50,18.43,5.43,48.46
Thread,9,37,-42227.45,780.00,37,780.00,-41977.45,-8.98,1.73,41.08
Thread,0,2,-34030.45,-90.00,0,240.00,-42910.56,-8.48,0.58,56.38
Thread,5,23,-33877.43,40.00,22,340.00,-77179.86,7.55,-6.96,42.71
Thread,2,8,-12371.82,190.00,10,240.00,-29440.49,6.99,16.00,56.14
Thread,15,60,-16942.93,90.00,60,90.00,-17032.93,21.72,-1.41,59.53
Thread,12,49,-29508.50,-60.00,51,10.00,-45996.75,-6.00,2.11,55.53
Thread,18,72,-45017.62,-60.00,74,90.00,-85135.61,5.01,1.25,41.38
Thread,22,89,-63710.11,130.00,88,150.00,-79231.42,7.18,-1.93,41.66
Thread,23,94,-57218.09,-210.00,92,160.00,-71202.70,-3.37,-3.17,43.98
Thread,16,65,-39854.04,-50.00,66,150.00,-105739.28,0.35,-0.76,51.99
Thread,19,76,-13537.03,20.00,76,20.00,-13537.03,33.60,5.18,61.17
Thread,20,80,-80434.73,230.00,81,400.00,-99010.44,-1.33,2.05,8.32
Thread,13,54,-44451.38,290.00,54,270.00,-44281.38,1.30,3.23,49.11
Thread,21,86,-6486.57,810.00,85,990.00,-96260.58,-14.96,-7.45,53.19
Thread,17,70,-37674.81,110.00,69,310.00,-40299.82,-9.92,-5.46,47.84
Thread,14,57,-59243.75,0.00,59,30.00,-124464.39,5.14,-0.96,16.66
Best,A&B,-492.36,-60.00
----------------------------------------
TimeDiff: 14125 secs
Last best score: -492.360107
