Thread,7,28,-49575.09,280.00,28,280.00,-49365.09,-0.37,-2.13,42.24
Thread,5,21,-60733.84,-390.00,20,620.00,-102749.55,6.49,0.14,17.51
Thread,1,5,-54206.54,40.00,5,40.00,-102579.00,1.91,-6.06,28.05
Thread,4,16,-39289.10,950.00,16,950.00,-39109.10,-6.45,-4.60,51.30
Thread,2,8,-45915.46,180.00,8,180.00,-97222.06,-1.00,0.51,38.81
Thread,8,32,-38728.54,-270.00,33,20.00,-80017.50,-6.50,-7.99,53.90
Thread,12,49,-53946.55,300.00,49,310.00,-53896.55,-6.50,-6.30,48.36
Thread,0,1,-36272.90,-90.00,3,50.00,-82668.77,11.86,-1.28,38.15
Thread,9,39,-47474.24,-690.00,37,60.00,-49385.89,0.84,0.29,35.32
Thread,16,67,-50596.10,-110.00,64,-30.00,-117284.84,1.11,1.29,34.87
Thread,10,40,-39584.15,-370.00,43,130.00,-67776.89,-4.96,-3.40,38.69
Thread,20,82,-35909.62,-710.00,80,60.00,-112111.56,5.71,2.28,34.05
Thread,14,57,-49878.98,340.00,57,350.00,-49678.98,23.31,1.01,41.57
Thread,13,55,-45140.96,360.00,54,500.00,-118690.09,1.62,6.18,50.13
Thread,11,45,-69400.21,-250.00,44,350.00,-110495.10,10.42,-5.24,26.11
Thread,18,75,-57915.83,-770.00,72,60.00,-85624.78,16.36,1.98,39.62
Thread,21,84,-79545.62,260.00,84,260.00,-79235.62,-2.44,-1.81,25.14
Thread,17,70,-87582.14,-100.00,71,110.00,-93520.41,-6.74,-0.65,40.81
Thread,15,61,-56934.88,-90.00,60,230.00,-88066.75,5.46,5.26,32.18
Thread,22,91,-46434.92,-120.00,88,160.00,-85341.88,3.05,8.01,30.51
Thread,19,79,-48270.98,400.00,79,410.00,-48055.98,-0.19,-2.54,42.52
Thread,23,92,-65761.38,20.00,95,150.00,-72820.16,2.92,-4.16,34.88
Best,A&B,-30889.99,-30.00
----------------------------------------
Execution,149999,150000,149999,149999,1649980,Eve-Adversary
Adversary,0,10,1649980
Best,Eve,160.00
Adversary,1,10,1649981
Best,Eve,250.00
Adversary,2,10,1649982
Best,Eve,160.00
Adversary,3,10,1649983
Best,Eve,150.00
Adversary,4,10,1649984
Best,Eve,120.00
Adversary,5,10,1649985
Best,Eve,60.00
Adversary,6,10,1649986
Best,Eve,150.00
Adversary,7,10,1649987
Best,Eve,180.00
Adversary,8,10,1649988
Best,Eve,140.00
Adversary,9,10,1649989
Best,Eve,150.00
Execution,149999,150000,149999,149999,1649990,Alice-Encrypt
Thread,10,41,-63897.10,340.00,41,340.00,-63497.10,-1.03,1.44,36.04
Thread,1,4,-51494.07,110.00,4,110.00,-51254.07,-4.31,0.62,38.19
Thread,6,25,-62980.41,-130.00,26,1020.00,-122864.32,3.60,5.10,39.44
Thread,5,21,-48648.25,40.00,22,110.00,-77170.42,9.46,-2.83,29.70
Thread,8,35,-37811.34,-10.00,33,130.00,-84665.78,22.86,7.03,38.57
Thread,3,14,-44652.60,-40.00,13,70.00,-71384.43,-5.40,-9.10,49.23
Thread,4,16,-30504.38,-60.00,19,150.00,-60638.78,2.14,6.18,46.49
Thread,9,37,-58792.38,-150.00,39,210.00,-64524.95,11.50,-0.54,39.97
Thread,7,28,-58933.15,-360.00,29,400.00,-102056.55,-6.39,-1.49,46.27
Thread,0,2,-49473.78,-110.00,1,100.00,-76873.26,1.85,-2.96,37.21
Thread,16,65,-40962.32,440.00,65,480.00,-40812.32,-1.46,0.59,61.01
Thread,2,11,-44131.14,100.00,10,150.00,-89363.88,15.72,-0.51,44.80
Thread,13,55,-44076.95,210.00,55,230.00,-44076.95,-4.57,-0.74,35.01
Thread,12,49,-55591.56,-80.00,48,140.00,-84046.17,0.45,-4.82,36.92
Thread,18,73,-44410.41,190.00,73,200.00,-44375.41,6.76,-6.84,36.15
Thread,11,46,-49201.13,-440.00,44,170.00,-100939.15,0.25,-2.11,49.44
Thread,14,56,-48413.59,-50.00,59,160.00,-120227.45,12.48,2.48,43.40
Thread,17,70,-53584.49,30.00,68,260.00,-92768.73,4.75,3.78,21.40
Thread,20,82,-41641.82,30.00,81,30.00,-73906.38,0.07,-4.19,48.89
Thread,21,84,-67527.80,-140.00,86,270.00,-78055.86,-3.70,-3.46,18.99
Thread,15,61,-61345.61,-220.00,60,-90.00,-89513.16,9.12,4.49,46.39
Thread,19,79,-51293.80,-170.00,76,580.00,-80809.90,0.74,-0.02,33.87
Thread,22,88,-69314.55,-90.00,89,90.00,-100688.15,-1.17,-4.62,24.72
Thread,23,93,-47911.98,-220.00,94,280.00,-99670.82,5.13,-3.47,37.39
Best,A&B,-30504.38,-60.00
Execution,149999,150000,150000,149999,1649990,Bob-Decrypt
Thread,3,15,-37987.49,-70.00,14,140.00,-169386.70,17.47,-2.72,38.14
Thread,7,28,-35220.62,10.00,31,180.00,-95409.21,-0.45,4.28,53.14
Thread,0,2,-39090.00,110.00,3,270.00,-103377.24,-2.54,1.73,38.34
Thread,6,25,-58115.88,270.00,25,250.00,-57980.88,-2.33,-0.84,42.08
Thread,4,18,-29861.90,330.00,18,320.00,-29926.90,-3.16,-0.69,34.50
Thread,8,32,-70570.95,-50.00,33,210.00,-105603.71,18.35,-2.48,29.30
Thread,9,37,-45571.09,-180.00,36,60.00,-99932.02,14.35,-6.12,29.88
Thread,2,10,-36017.24,-140.00,8,1000.00,-86367.55,15.57,3.24,41.40
Thread,5,21,-47187.89,440.00,21,440.00,-47047.89,-0.70,2.00,41.22
Thread,1,5,-42348.63,110.00,5,100.00,-42228.63,11.76,-5.18,35.98
Thread,10,43,-45745.44,30.00,42,50.00,-82273.69,2.55,-2.81,43.02
Thread,12,49,-67420.97,70.00,51,440.00,-67821.70,-3.99,-3.37,36.57
Thread,11,44,-76549.28,850.00,44,850.00,-76339.28,-2.76,5.31,25.54
Thread,14,58,-32890.64,-300.00,56,-100.00,-75397.32,-5.11,-5.80,53.63
Thread,16,67,-42511.84,-120.00,66,0.00,-61765.18,0.63,-0.36,34.94
Thread,15,61,-46080.14,20.00,60,70.00,-121628.41,-0.38,-3.29,48.49
Thread,13,55,-52338.89,70.00,54,230.00,-97710.48,-1.87,2.98,28.32
Thread,17,71,-60580.00,-170.00,70,400.00,-74086.82,45.41,8.44,41.59
Thread,20,83,-48415.38,-710.00,81,130.00,-58504.00,7.39,-4.02,27.82
Thread,18,72,-50123.31,40.00,74,130.00,-77981.71,25.11,-4.85,37.48
Thread,21,84,-51617.02,30.00,85,90.00,-101035.56,-0.25,-5.65,32.85
Thread,19,79,-44959.82,-90.00,76,180.00,-92570.31,-1.77,3.42,26.41
Thread,22,88,-72051.45,-50.00,89,60.00,-84067.41,1.56,3.12,28.77
Thread,23,92,-52643.23,-190.00,93,150.00,-89821.55,21.64,-1.89,33.92
Best,A&B,-29861.90,330.00
----------------------------------------
TimeDiff: 14466 secs
Last best score: -29861.902344
