Thread,4,18,69932.95,40.00,17,270.00,69102.95,3.59,3.59,100.00
Thread,2,10,68812.70,-230.00,9,60.00,67922.70,1.69,1.69,100.00
Thread,3,13,68729.23,-250.00,12,350.00,125139.83,-10.95,-10.95,100.00
Thread,6,26,67974.90,250.00,24,2250.00,-23502.76,1.67,1.67,100.00
Thread,1,4,67753.59,-300.00,5,180.00,66693.59,-4.87,-4.87,100.00
Thread,7,30,66202.36,80.00,29,120.00,1582.25,-4.46,-4.46,100.00
Thread,11,46,70066.41,-430.00,44,340.00,43176.41,3.28,3.28,100.00
Thread,16,67,70066.23,70.00,66,150.00,69386.23,2.14,2.14,100.00
Thread,8,32,68778.88,-10.00,35,110.00,4491.49,5.45,5.45,100.00
Thread,17,69,70659.36,70.00,70,390.00,4502.06,10.55,10.55,100.00
Thread,10,41,32239.13,0.00,40,180.00,18814.12,-2.96,-2.96,100.00
Thread,12,48,4631.11,-250.00,51,300.00,-7059.28,-3.42,-3.40,100.00
Thread,9,39,30022.18,90.00,39,90.00,29412.18,-0.02,-0.02,100.00
Thread,14,58,67558.74,-390.00,56,190.00,66368.74,-2.41,-2.41,100.00
Thread,15,61,69849.98,-50.00,60,200.00,-34734.58,-1.34,-1.34,100.00
Thread,13,53,21105.79,-200.00,55,200.00,-7047.14,4.66,4.66,100.00
Thread,20,80,26609.38,140.00,83,150.00,3471.25,4.04,4.04,100.00
Thread,19,79,69165.80,-120.00,78,30.00,42870.80,2.43,2.43,100.00
Thread,18,73,70470.99,-150.00,75,150.00,17022.37,-5.74,-5.74,100.00
Thread,23,92,82549.39,-170.00,94,210.00,-17581.96,-0.04,-0.04,100.00
Thread,21,85,70016.80,-100.00,84,130.00,-6958.57,0.34,0.34,100.00
Thread,22,91,70016.51,-20.00,90,710.00,68686.51,3.58,3.58,100.00
Best,A&B,82549.39,-170.00
----------------------------------------
Execution,149999,150000,149999,149999,1649980,Eve-Adversary
Adversary,0,10,1649980
Best,Eve,150.00
Adversary,1,10,1649981
Best,Eve,130.00
Adversary,2,10,1649982
Best,Eve,180.00
Adversary,3,10,1649983
Best,Eve,360.00
Adversary,4,10,1649984
Best,Eve,110.00
Adversary,5,10,1649985
Best,Eve,130.00
Adversary,6,10,1649986
Best,Eve,540.00
Adversary,7,10,1649987
Best,Eve,160.00
Adversary,8,10,1649988
Best,Eve,440.00
Adversary,9,10,1649989
Best,Eve,120.00
Execution,149999,150000,149999,149999,1649990,Alice-Encrypt
Thread,10,41,30309.88,-80.00,40,90.00,2090.83,1.92,1.92,100.00
Thread,0,2,70756.69,-200.00,1,50.00,69906.69,6.84,6.84,100.00
Thread,6,25,69019.12,-80.00,24,90.00,-21791.41,7.00,7.00,100.00
Thread,9,39,24910.99,40.00,38,100.00,1198.24,-1.18,-1.18,100.00
Thread,2,9,68543.04,10.00,8,40.00,42323.04,1.28,1.28,100.00
Thread,5,23,69135.55,-300.00,20,240.00,2645.58,1.96,1.96,100.00
Thread,3,13,68116.80,-140.00,12,480.00,66896.80,4.50,4.50,100.00
Thread,8,32,68891.62,80.00,34,170.00,-3881.09,-5.03,-5.03,100.00
Thread,1,5,66878.31,-80.00,6,140.00,66118.31,4.03,4.03,100.00
Thread,4,16,67493.04,-190.00,17,170.00,66543.04,-9.29,-9.29,100.00
Thread,7,31,65848.68,-120.00,30,50.00,65078.68,-2.66,-2.66,100.00
Thread,19,79,67338.20,70.00,78,70.00,1196.06,-0.11,-0.11,100.00
Thread,12,50,4444.78,-460.00,48,250.00,3648.68,-1.05,0.42,54.38
Thread,21,85,-1718.68,320.00,85,310.00,-1903.68,0.50,0.49,100.00
Thread,15,61,66645.20,-260.00,60,140.00,-1738.77,-4.09,-4.09,100.00
Thread,16,67,70154.94,-340.00,66,150.00,69064.94,-0.36,-0.36,100.00
Thread,11,47,68647.57,-210.00,46,50.00,5645.89,-1.28,-1.28,100.00
Thread,23,92,69840.30,-260.00,95,110.00,68890.30,0.65,0.65,100.00
Thread,13,53,3795.15,-170.00,52,80.00,2217.84,10.61,10.61,100.00
Thread,20,80,38715.30,-120.00,81,360.00,3842.38,-3.29,-3.35,100.00
Thread,22,89,69614.87,-150.00,91,670.00,68274.87,0.97,0.97,100.00
Thread,14,59,69809.59,-50.00,58,10.00,69149.59,-5.36,-5.36,100.00
Thread,18,74,67930.74,20.00,72,110.00,-37701.13,-2.26,-2.26,100.00
Thread,17,71,69727.94,70.00,69,190.00,15639.35,-0.30,-0.30,100.00
Best,A&B,70756.69,-200.00
Execution,149999,150000,150000,149999,1649990,Bob-Decrypt
Thread,4,19,68061.09,-80.00,18,90.00,67291.09,2.85,2.85,100.00
Thread,1,6,70651.39,-260.00,5,480.00,69311.39,-6.56,-6.56,100.00
Thread,7,30,68710.80,110.00,31,250.00,31100.80,7.07,7.07,100.00
Thread,0,3,69955.07,-150.00,1,110.00,135323.39,3.57,3.57,100.00
Thread,6,27,68988.42,-80.00,26,250.00,42513.43,-2.49,-2.49,100.00
Thread,3,15,66173.58,-100.00,12,-30.00,65463.58,2.91,2.91,100.00
Thread,2,9,70031.74,-240.00,11,40.00,69171.74,-2.48,-2.48,100.00
Thread,5,23,67150.62,-220.00,22,120.00,-31446.95,-2.26,-2.26,100.00
Thread,23,95,66021.51,-40.00,95,10.00,65361.51,5.56,5.56,100.00
Thread,13,54,69660.48,-130.00,55,80.00,-8130.26,-1.26,-1.26,100.00
Thread,9,39,66269.59,0.00,38,140.00,65529.59,3.43,3.43,100.00
Thread,18,75,68680.55,-30.00,74,90.00,67960.55,-1.14,-1.14,100.00
Thread,8,33,68882.54,100.00,32,400.00,67982.54,-1.32,-1.32,100.00
Thread,11,44,70206.12,-150.00,46,150.00,5663.09,-1.47,-1.47,100.00
Thread,14,58,70111.24,60.00,59,90.00,69471.24,4.58,4.58,100.00
Thread,12,51,70664.35,-60.00,48,70.00,69964.35,-6.68,-6.68,100.00
Thread,10,41,5809.24,50.00,41,60.00,5659.24,-4.12,-1.04,78.00
Thread,20,81,70584.84,-590.00,82,130.00,4981.96,2.63,2.63,100.00
Thread,17,70,70282.46,-60.00,71,190.00,69442.46,-2.78,-2.78,100.00
Thread,15,62,69853.41,-100.00,63,-50.00,69133.41,-0.79,-0.79,100.00
Thread,16,64,82975.14,-130.00,66,290.00,-15843.42,2.84,2.84,100.00
Thread,19,79,70079.18,-180.00,78,40.00,-11795.94,-1.29,-1.29,100.00
Thread,22,88,83507.34,-210.00,91,770.00,81977.34,-8.02,-8.02,100.00
Thread,21,87,6558.01,110.00,85,330.00,1032.12,8.00,9.12,81.74
Best,A&B,83507.34,-210.00
----------------------------------------
TimeDiff: 12712 secs
Last best score: 83507.335938
