Thread,7,29,72297.78,-760.00,31,-60.00,71177.78,-2.44,-2.44,100.00
Thread,5,21,9657.64,-100.00,22,220.00,-2209.64,-4.33,-4.33,100.00
Thread,6,27,2968.17,-80.00,25,650.00,-18516.35,-2.95,-2.95,100.00
Thread,9,38,55162.55,-90.00,37,0.00,-3889.37,-0.66,-0.66,100.00
Thread,8,32,19821.78,-750.00,33,-30.00,732.17,-3.84,-3.84,100.00
Thread,0,0,58663.46,100.00,1,330.00,58023.46,-5.40,-5.40,100.00
Thread,2,10,57227.74,-760.00,8,120.00,55957.74,-15.18,-15.18,100.00
Thread,14,56,57960.50,120.00,57,400.00,-13151.59,-4.88,-4.88,100.00
Thread,1,5,56633.57,20.00,4,150.00,56053.57,-5.36,-5.36,100.00
Thread,16,67,60031.97,-790.00,64,-120.00,-14173.42,-7.88,-7.88,100.00
Thread,11,45,58786.34,440.00,45,420.00,58346.34,4.89,4.89,100.00
Thread,17,71,72186.48,-740.00,70,160.00,6806.43,-2.56,-2.56,100.00
Thread,18,72,59518.80,-750.00,75,160.00,58148.80,-1.16,-1.16,100.00
Thread,15,62,59801.25,-230.00,61,320.00,-11384.21,7.96,7.96,100.00
Thread,10,40,58923.18,-300.00,40,-300.00,58403.18,-2.03,-2.03,100.00
Thread,21,85,71377.86,-80.00,87,650.00,-46907.52,1.90,1.90,100.00
Thread,12,49,-1788.30,-760.00,48,-120.00,-16836.60,1.39,0.94,87.60
Thread,13,52,59177.53,90.00,54,300.00,-34462.65,5.44,5.44,100.00
Thread,19,78,72046.90,-170.00,77,580.00,-12154.46,5.30,5.30,100.00
Thread,23,94,34853.40,-200.00,92,210.00,-19697.86,6.35,6.35,100.00
Thread,20,81,-12720.19,-620.00,82,-20.00,-27495.00,1.86,-7.15,48.12
Thread,22,90,58851.41,-10.00,89,100.00,16186.39,2.81,2.81,100.00
Best,A&B,72297.78,-760.00
----------------------------------------
Execution,149999,150000,149999,149999,1649980,Eve-Adversary
Adversary,0,10,1649980
Best,Eve,90.00
Adversary,1,10,1649981
Best,Eve,150.00
Adversary,2,10,1649982
Best,Eve,70.00
Adversary,3,10,1649983
Best,Eve,310.00
Adversary,4,10,1649984
Best,Eve,180.00
Adversary,5,10,1649985
Best,Eve,240.00
Adversary,6,10,1649986
Best,Eve,700.00
Adversary,7,10,1649987
Best,Eve,330.00
Adversary,8,10,1649988
Best,Eve,110.00
Adversary,9,10,1649989
Best,Eve,80.00
Execution,149999,150000,149999,149999,1649990,Alice-Encrypt
Thread,8,32,22751.04,-50.00,34,170.00,-3455.10,-3.36,-3.36,100.00
Thread,0,2,58100.84,-180.00,3,160.00,-1652.19,0.29,0.29,100.00
Thread,4,16,58165.15,-80.00,17,410.00,57245.15,-3.83,-3.83,100.00
Thread,9,36,56439.08,-40.00,38,160.00,18829.08,-3.30,-3.30,100.00
Thread,6,25,59837.76,-40.00,24,230.00,-19899.90,13.10,13.10,100.00
Thread,2,8,58413.95,-90.00,8,-90.00,57983.95,1.62,1.62,100.00
Thread,7,28,15054.01,400.00,28,400.00,14929.01,1.33,1.33,100.00
Thread,5,23,9305.01,110.00,23,120.00,8835.01,-13.12,-13.12,100.00
Thread,3,13,57517.30,-350.00,15,160.00,1642.30,-6.62,-6.62,100.00
Thread,1,6,54234.95,-760.00,7,290.00,-1710.06,-17.12,-17.12,100.00
Thread,10,42,14128.98,70.00,42,80.00,13973.98,-5.45,-5.45,100.00
Thread,15,60,71577.27,70.00,62,130.00,10141.59,-5.48,-5.48,100.00
Thread,17,69,17881.47,10.00,71,80.00,17666.47,-7.96,-7.97,100.00
Thread,11,47,68861.14,80.00,45,120.00,-22711.57,17.15,17.15,100.00
Thread,12,51,-3741.24,100.00,51,90.00,-3666.24,-4.85,-10.72,69.74
Thread,16,67,33060.91,-40.00,64,220.00,-10334.81,5.33,5.33,100.00
Thread,18,72,71449.47,250.00,72,250.00,70999.47,3.74,3.74,100.00
Thread,13,54,6535.65,-90.00,52,300.00,-11514.60,0.37,0.68,77.59
Thread,14,57,30145.95,100.00,59,190.00,-10118.91,3.02,3.02,100.00
Thread,19,79,73138.66,-390.00,76,-50.00,10767.54,-14.04,-14.04,100.00
Thread,23,94,29519.13,160.00,94,170.00,29059.13,2.49,2.50,100.00
Thread,20,81,58690.18,140.00,80,140.00,1180.18,-2.46,-2.46,100.00
Thread,22,90,71301.91,160.00,90,190.00,70851.91,3.03,3.03,100.00
Thread,21,84,25735.50,-750.00,85,20.00,-1464.50,-15.32,-15.32,100.00
Best,A&B,73138.66,-390.00
Execution,149999,150000,150000,149999,1649990,Bob-Decrypt
Thread,3,12,56677.57,50.00,12,50.00,56207.57,5.08,5.08,100.00
Thread,9,37,-3005.91,-300.00,38,360.00,-12678.46,13.66,10.92,57.81
Thread,4,18,56903.20,-320.00,16,120.00,55963.20,1.45,1.45,100.00
Thread,2,8,57340.05,-20.00,10,380.00,16680.05,-0.56,-0.56,100.00
Thread,6,27,59644.88,220.00,27,210.00,59184.88,-13.72,-13.72,100.00
Thread,0,1,58855.23,-240.00,2,110.00,110910.17,-6.23,-6.23,100.00
Thread,14,58,71822.05,-20.00,56,220.00,5298.33,-4.81,-4.81,100.00
Thread,5,21,58880.17,10.00,23,160.00,8630.17,-7.81,-7.81,100.00
Thread,7,28,15902.56,-340.00,30,80.00,-3131.82,5.12,5.12,100.00
Thread,1,7,58021.78,100.00,4,170.00,1561.73,1.07,1.07,100.00
Thread,8,35,59772.57,-170.00,32,150.00,59042.57,8.94,8.94,100.00
Thread,18,72,58736.59,20.00,73,120.00,-47302.16,4.23,4.23,100.00
Thread,13,54,20342.09,50.00,52,240.00,-5076.87,2.99,2.99,100.00
Thread,11,44,59023.09,-20.00,45,230.00,-17783.39,4.20,4.20,100.00
Thread,16,66,-6546.64,50.00,64,100.00,-29100.24,-21.59,-10.85,67.80
Thread,10,42,57390.50,180.00,42,190.00,56980.50,8.34,8.34,100.00
Thread,17,69,10731.25,-70.00,71,-30.00,-39702.53,1.98,1.96,99.99
Thread,15,62,58891.87,-210.00,63,260.00,57961.87,-1.64,-1.64,100.00
Thread,12,50,71052.87,180.00,51,380.00,14062.88,-1.03,-1.03,100.00
Thread,19,77,59970.30,-290.00,78,130.00,-32456.28,13.29,13.29,100.00
Thread,21,87,72265.52,-40.00,85,40.00,13750.52,8.73,8.73,100.00
Thread,20,83,33003.46,140.00,83,120.00,32543.46,3.90,3.90,100.00
Thread,22,90,72512.84,-210.00,91,200.00,-12815.12,-9.38,-9.38,100.00
Thread,23,94,59664.32,-90.00,95,200.00,58964.32,-8.38,-8.38,100.00
Best,A&B,72512.84,-210.00
----------------------------------------
TimeDiff: 11491 secs
Last best score: 72512.835938
