Thread,0,0,-32094.99,-390.00,3,0.00,-99470.03,-8.29,-2.81,28.03
Thread,7,28,-6605.01,-160.00,31,300.00,-71880.53,-2.59,0.58,75.38
Thread,3,15,8239.24,-290.00,12,360.00,4021.13,2.12,1.20,55.19
Thread,5,22,-7549.91,-330.00,20,10.00,-73023.29,23.31,-1.81,57.21
Thread,2,9,6960.15,330.00,9,340.00,12677.73,-0.33,-0.10,78.30
Thread,6,27,-32842.85,-260.00,26,40.00,-45658.36,1.29,-6.37,60.15
Thread,9,36,-2438.95,420.00,36,420.00,-2533.95,-0.42,0.60,76.63
Thread,15,63,-53545.67,-320.00,62,350.00,-92512.42,1.39,3.19,38.74
Thread,20,80,-24359.41,20.00,81,180.00,-74650.45,27.22,-1.57,55.62
Thread,14,59,-7034.30,-70.00,58,400.00,-67019.35,-2.84,-1.75,72.07
Thread,8,33,-4771.92,190.00,33,180.00,-4826.92,1.88,0.82,79.70
Thread,10,42,-48317.49,350.00,42,320.00,-48117.49,13.95,-0.57,40.85
Thread,13,52,-21893.17,70.00,54,90.00,-81972.42,0.95,1.44,74.89
Thread,17,71,-53386.23,230.00,71,260.00,-53286.23,-7.66,-3.03,48.09
Thread,11,47,-45547.05,40.00,45,310.00,-45997.59,0.22,3.83,40.22
Thread,21,87,8236.08,-210.00,84,280.00,-34637.15,1.29,4.63,70.49
Thread,18,75,-637.21,10.00,73,50.00,-42460.14,-9.31,-6.41,73.78
Thread,16,67,-36700.02,-30.00,65,290.00,-54826.07,3.53,-0.33,46.15
Thread,19,78,-3333.22,130.00,78,150.00,-3538.22,0.66,2.50,80.22
Thread,12,48,-25067.28,-500.00,49,150.00,-84399.82,-10.64,-11.77,80.32
Thread,22,90,-10298.30,-130.00,91,240.00,-46075.50,23.91,-0.66,60.17
Thread,23,94,3023.55,30.00,94,20.00,2838.55,-4.85,-3.82,70.28
Best,A&B,8239.24,-290.00
----------------------------------------
Execution,149999,150000,149999,149999,1649980,Eve-Adversary
Adversary,0,10,1649980
Best,Eve,170.00
Adversary,1,10,1649981
Best,Eve,140.00
Adversary,2,10,1649982
Best,Eve,340.00
Adversary,3,10,1649983
Best,Eve,130.00
Adversary,4,10,1649984
Best,Eve,290.00
Adversary,5,10,1649985
Best,Eve,170.00
Adversary,6,10,1649986
Best,Eve,170.00
Adversary,7,10,1649987
Best,Eve,200.00
Adversary,8,10,1649988
Best,Eve,110.00
Adversary,9,10,1649989
Best,Eve,200.00
Execution,149999,150000,149999,149999,1649990,Alice-Encrypt
Thread,5,22,-24686.72,160.00,22,190.00,-24711.72,15.70,-8.33,59.21
Thread,9,38,-2258.41,-10.00,37,280.00,-27785.70,9.43,10.03,76.41
Thread,0,0,7561.06,70.00,3,260.00,-41309.49,23.95,0.88,64.02
Thread,7,31,-8510.55,-250.00,30,230.00,-82295.31,23.65,-0.08,55.69
Thread,2,9,-9322.91,-10.00,8,200.00,-10743.25,8.02,6.34,58.08
Thread,6,24,-13562.60,-350.00,25,20.00,-72189.31,7.23,9.51,67.55
Thread,3,12,8963.70,-570.00,14,0.00,-61971.75,-3.38,-2.95,62.23
Thread,10,43,-18263.82,-30.00,41,150.00,-31465.97,1.20,2.24,79.18
Thread,4,16,7551.83,50.00,19,70.00,-7401.00,4.46,-0.55,66.73
Thread,1,5,9287.68,-560.00,4,140.00,-47956.14,-6.82,-10.19,66.57
Thread,8,35,-20829.10,-40.00,33,90.00,-30632.31,-4.27,-0.55,62.02
Thread,16,64,-36854.18,-40.00,67,190.00,-41821.38,24.99,-7.80,37.94
Thread,11,44,-2450.49,170.00,44,170.00,-2585.49,6.39,-1.93,73.29
Thread,22,89,-10455.14,130.00,88,150.00,-108396.97,-6.48,-4.42,50.91
Thread,12,48,14647.00,140.00,48,140.00,14462.00,-0.72,0.74,64.64
Thread,15,63,-18711.27,-70.00,61,210.00,-74337.27,-3.20,-0.42,75.78
Thread,17,71,-30170.51,-230.00,69,-120.00,-61544.15,23.35,-4.74,38.00
Thread,19,78,-1242.14,320.00,78,340.00,-1397.14,4.82,-2.49,56.69
Thread,14,58,-10346.98,-240.00,59,-10.00,-45152.76,2.55,3.76,64.35
Thread,13,52,5002.87,-170.00,54,210.00,-97695.56,2.98,5.22,69.28
Thread,18,72,5496.35,-140.00,73,60.00,-20716.01,4.85,6.07,68.65
Thread,20,80,-22191.31,0.00,81,150.00,-61975.57,-7.93,-3.69,75.44
Thread,21,87,-16212.52,110.00,87,120.00,-16187.52,23.76,-1.45,56.53
Thread,23,93,-17118.87,-210.00,92,130.00,-59516.80,1.74,1.13,79.47
Best,A&B,14647.00,140.00
Execution,149999,150000,150000,149999,1649990,Bob-Decrypt
Thread,7,31,-14878.55,260.00,31,250.00,-14848.55,11.05,7.52,77.82
Thread,0,0,7223.81,420.00,3,430.00,-175442.28,23.15,2.01,64.02
Thread,4,17,-2415.93,90.00,18,720.00,-70442.70,2.23,7.03,68.78
Thread,2,9,8475.21,-200.00,10,70.00,-46418.21,1.67,3.98,75.70
Thread,9,39,-1270.26,280.00,37,420.00,-69615.53,35.62,8.49,61.33
Thread,10,41,-22338.89,-220.00,40,120.00,-62859.10,24.89,-6.29,41.39
Thread,12,51,6081.89,-140.00,48,310.00,-47046.79,-5.79,-4.94,70.84
Thread,1,7,-9962.43,-220.00,4,10.00,-76608.91,3.20,3.86,60.33
Thread,6,27,-12320.59,270.00,27,310.00,-12305.59,2.63,5.34,58.78
Thread,3,15,10205.43,-300.00,14,0.00,-8397.33,-3.29,-9.21,61.04
Thread,8,35,-19898.78,-70.00,33,170.00,-36545.03,-3.24,-10.13,69.85
Thread,22,90,-23127.57,-140.00,91,0.00,-25975.03,-3.70,-0.60,75.57
Thread,23,93,-21726.21,-400.00,95,500.00,-83078.05,-0.74,1.49,50.96
Thread,15,60,-3489.93,-90.00,62,190.00,-63869.05,19.36,-4.53,61.97
Thread,17,71,-8761.63,-100.00,69,140.00,-27180.09,0.51,-4.19,57.67
Thread,13,55,-54318.63,-220.00,54,190.00,-60168.67,3.65,-5.26,16.95
Thread,16,66,-35824.14,-760.00,64,90.00,-40596.23,-6.94,1.10,26.28
Thread,5,22,-24373.62,-10.00,21,380.00,-37942.29,1.33,-4.31,54.79
Thread,19,79,-11891.60,-220.00,78,210.00,-45495.38,1.86,5.37,66.30
Thread,11,44,-2797.96,220.00,44,220.00,-2992.96,-5.14,-3.15,62.91
Thread,14,57,-2393.39,-700.00,56,170.00,-45408.14,7.19,2.74,69.37
Thread,21,84,-29657.28,-30.00,85,20.00,-50214.09,1.14,5.86,28.83
Thread,20,83,-33306.27,-140.00,82,270.00,-90319.19,-0.68,2.33,50.05
Thread,18,75,3267.10,-30.00,73,210.00,-67274.22,6.46,5.39,73.28
Best,A&B,10205.43,-300.00
----------------------------------------
TimeDiff: 14708 secs
Last best score: 10205.433594
