Thread,4,17,50612.45,-510.00,19,120.00,49882.45,-12.99,-12.99,100.00
Thread,7,31,36392.16,-200.00,29,1870.00,-30040.00,-3.93,-3.93,100.00
Thread,1,5,50310.99,-380.00,6,890.00,48930.99,10.56,10.56,100.00
Thread,5,22,49483.15,-350.00,21,140.00,48843.15,2.91,2.91,100.00
Thread,2,10,49288.75,-410.00,8,110.00,48648.75,-1.29,-1.29,100.00
Thread,9,38,50970.98,-770.00,39,-80.00,-37640.00,13.62,13.62,100.00
Thread,3,15,49422.07,-50.00,12,1200.00,48142.07,-5.16,-5.16,100.00
Thread,15,61,50012.06,-50.00,63,150.00,49622.06,-10.57,-10.57,100.00
Thread,6,25,49678.32,-140.00,27,-30.00,49438.32,-6.86,-6.86,100.00
Thread,11,45,49546.64,-170.00,46,150.00,49116.64,5.56,5.56,100.00
Thread,13,52,34157.61,-120.00,53,110.00,33757.61,-16.70,-16.70,100.00
Thread,16,66,47118.21,-750.00,64,20.00,46208.21,18.05,18.05,100.00
Thread,10,42,49560.75,-520.00,40,380.00,48490.75,-2.22,-2.22,100.00
Thread,12,50,49470.09,-80.00,51,110.00,49140.09,6.64,6.64,100.00
Thread,17,70,51029.75,-680.00,69,-100.00,50299.75,-14.28,-14.28,100.00
Thread,20,82,49834.25,-430.00,81,120.00,49134.25,-5.99,-5.99,100.00
Thread,18,72,49982.50,-380.00,73,870.00,48502.50,7.36,7.36,100.00
Thread,14,59,50633.77,-730.00,57,40.00,49673.77,10.09,10.09,100.00
Thread,21,84,49253.45,-80.00,87,550.00,-37810.00,3.51,3.51,100.00
Thread,19,79,37378.61,-390.00,76,170.00,-37585.00,7.56,7.56,100.00
Thread,23,92,46362.53,-30.00,95,200.00,45982.53,-19.34,-19.34,100.00
Thread,22,90,50412.06,-110.00,88,120.00,50032.06,14.64,14.64,100.00
Best,A&B,51029.75,-680.00
----------------------------------------
Execution,149999,150000,149999,149999,1649980,Eve-Adversary
Adversary,0,10,1649980
Best,Eve,190.00
Adversary,1,10,1649981
Best,Eve,90.00
Adversary,2,10,1649982
Best,Eve,120.00
Adversary,3,10,1649983
Best,Eve,110.00
Adversary,4,10,1649984
Best,Eve,370.00
Adversary,5,10,1649985
Best,Eve,220.00
Adversary,6,10,1649986
Best,Eve,130.00
Adversary,7,10,1649987
Best,Eve,240.00
Adversary,8,10,1649988
Best,Eve,180.00
Adversary,9,10,1649989
Best,Eve,130.00
Execution,149999,150000,149999,149999,1649990,Alice-Encrypt
Thread,5,22,49622.25,-350.00,20,290.00,48832.25,-4.11,-4.11,100.00
Thread,7,31,49829.17,-410.00,29,290.00,48999.17,5.95,5.95,100.00
Thread,9,36,33676.54,150.00,36,150.00,33486.54,18.39,18.39,100.00
Thread,2,8,35771.44,0.00,10,190.00,35491.44,0.17,0.17,100.00
Thread,3,14,37993.52,-400.00,12,60.00,37353.52,-13.82,-13.82,100.00
Thread,0,0,46387.33,-630.00,1,-30.00,45637.33,-22.94,-22.94,100.00
Thread,1,5,49237.51,-500.00,4,270.00,48317.51,0.14,0.14,100.00
Thread,8,33,36866.07,90.00,32,270.00,-29989.85,-7.07,-7.07,100.00
Thread,6,27,49348.02,-420.00,25,90.00,11598.02,1.53,1.53,100.00
Thread,4,16,49333.71,-440.00,17,310.00,48413.71,-1.16,-1.16,100.00
Thread,10,41,50439.58,-720.00,42,310.00,49199.58,8.19,8.19,100.00
Thread,11,44,37091.40,-380.00,47,350.00,36181.40,-4.93,-4.93,100.00
Thread,16,64,46923.99,-140.00,66,200.00,46423.99,-15.73,-15.73,100.00
Thread,12,49,49719.57,-470.00,50,-50.00,49209.57,4.70,4.70,100.00
Thread,19,78,50081.14,-70.00,79,0.00,49791.14,-10.87,-10.87,100.00
Thread,17,69,49858.64,-780.00,68,-120.00,49048.64,-2.96,-2.96,100.00
Thread,18,74,46363.52,-70.00,72,160.00,46013.52,-19.65,-19.65,100.00
Thread,20,82,47483.62,-740.00,80,220.00,46353.62,16.13,16.13,100.00
Thread,13,54,45335.43,-70.00,52,280.00,19500.43,27.80,27.80,100.00
Thread,15,63,37327.09,120.00,60,320.00,36907.09,-14.53,-14.53,100.00
Thread,14,56,47010.34,-430.00,58,40.00,46440.34,-17.36,-17.36,100.00
Thread,22,89,49434.75,-480.00,91,-90.00,48874.75,1.75,1.75,100.00
Thread,21,86,46627.56,-340.00,84,-60.00,46207.56,19.78,19.78,100.00
Thread,23,92,50391.82,-100.00,95,160.00,49961.82,-14.41,-14.41,100.00
Best,A&B,50439.58,-720.00
Execution,149999,150000,150000,149999,1649990,Bob-Decrypt
Thread,10,41,37283.75,-740.00,43,30.00,36323.75,-3.38,-3.38,100.00
Thread,3,14,49399.82,-360.00,12,360.00,86403.34,-2.21,-2.21,100.00
Thread,5,22,49256.88,-380.00,20,200.00,-2705.38,-1.03,-1.03,100.00
Thread,8,33,50068.80,-170.00,34,120.00,49598.80,10.24,10.24,100.00
Thread,6,24,50136.58,-380.00,27,130.00,49516.58,-8.83,-8.83,100.00
Thread,0,1,49049.59,10.00,0,150.00,84251.03,2.29,2.29,100.00
Thread,2,9,49597.32,-100.00,11,170.00,49187.32,6.48,6.48,100.00
Thread,1,4,49480.71,-470.00,5,80.00,48790.71,-2.13,-2.13,100.00
Thread,4,18,49729.79,-330.00,19,70.00,49189.79,-5.68,-5.68,100.00
Thread,7,31,49292.21,-370.00,28,50.00,48692.21,-1.31,-1.31,100.00
Thread,9,36,49833.54,-210.00,37,420.00,3052.41,7.56,7.56,100.00
Thread,12,49,50376.29,-430.00,48,670.00,1681.30,-10.11,-10.11,100.00
Thread,17,71,33604.77,-380.00,70,-30.00,33104.77,-23.20,-23.20,100.00
Thread,11,44,46883.55,-380.00,45,40.00,46323.55,-17.97,-17.97,100.00
Thread,20,82,47164.06,-760.00,80,-10.00,46284.06,18.69,18.69,100.00
Thread,18,72,50402.06,-200.00,75,300.00,-15837.38,-13.42,-13.42,100.00
Thread,13,55,33962.04,-40.00,54,220.00,33552.04,17.62,17.62,100.00
Thread,19,76,49218.57,-170.00,77,570.00,12223.56,2.45,2.45,100.00
Thread,23,95,49991.07,-10.00,93,10.00,49801.07,11.18,11.18,100.00
Thread,21,86,50533.28,-360.00,84,140.00,49863.28,12.78,12.78,100.00
Thread,22,89,47195.21,-450.00,88,420.00,46175.21,16.20,16.20,100.00
Thread,16,65,49662.21,-20.00,64,130.00,49362.21,-7.64,-7.64,100.00
Thread,14,59,49898.26,-430.00,58,140.00,49178.26,-6.58,-6.58,100.00
Thread,15,60,50097.28,-340.00,62,110.00,49507.28,-8.84,-8.84,100.00
Best,A&B,50533.28,-360.00
----------------------------------------
TimeDiff: 7878 secs
Last best score: 50533.277344
