Thread,4,18,70347.45,-290.00,19,290.00,10402.47,-2.52,-2.52,100.00
Thread,3,12,65037.90,-750.00,15,100.00,127961.77,0.30,0.30,100.00
Thread,10,43,68305.32,-530.00,41,160.00,-2785.05,-4.48,-4.48,100.00
Thread,9,37,71172.34,-710.00,36,650.00,-8501.25,-4.59,-4.59,100.00
Thread,1,7,69622.49,-50.00,6,370.00,136995.30,-0.66,-0.66,100.00
Thread,6,26,68939.42,-140.00,24,130.00,68079.42,-6.59,-6.59,100.00
Thread,8,33,70400.63,-290.00,34,90.00,-22464.20,4.14,4.14,100.00
Thread,2,8,68571.30,-750.00,9,200.00,1658.67,-0.57,-0.57,100.00
Thread,0,3,67901.76,-90.00,1,160.00,67031.76,0.50,0.50,100.00
Thread,13,55,69862.54,-40.00,52,120.00,69112.54,0.58,0.58,100.00
Thread,11,45,70597.38,-70.00,44,100.00,5276.80,-6.85,-6.85,100.00
Thread,17,68,66711.72,-390.00,71,90.00,65611.72,-1.60,-1.60,100.00
Thread,20,82,67983.08,-30.00,81,100.00,67253.08,-2.70,-2.70,100.00
Thread,22,90,70162.59,90.00,88,370.00,69282.59,-4.28,-4.28,100.00
Thread,19,79,70673.25,-120.00,76,-30.00,69993.25,-5.85,-5.85,100.00
Thread,23,94,18679.57,480.00,95,470.00,18430.45,4.58,3.70,77.41
Thread,21,86,83399.91,-740.00,84,100.00,-49370.01,2.25,2.25,100.00
Thread,12,51,39285.74,-730.00,48,70.00,-12474.56,-3.62,-3.62,100.00
Thread,14,59,8432.64,-10.00,58,90.00,6029.72,1.24,3.31,91.62
Thread,15,63,83261.33,-760.00,61,230.00,81681.33,-3.19,-3.19,100.00
Thread,16,66,34204.60,-120.00,65,80.00,-62139.69,4.52,4.52,100.00
Thread,18,74,68777.27,-160.00,72,240.00,67817.27,5.30,5.30,100.00
Best,A&B,83399.91,-740.00
----------------------------------------
Execution,149999,150000,149999,149999,1649980,Eve-Adversary
Adversary,0,10,1649980
Best,Eve,100.00
Adversary,1,10,1649981
Best,Eve,170.00
Adversary,2,10,1649982
Best,Eve,100.00
Adversary,3,10,1649983
Best,Eve,140.00
Adversary,4,10,1649984
Best,Eve,130.00
Adversary,5,10,1649985
Best,Eve,120.00
Adversary,6,10,1649986
Best,Eve,130.00
Adversary,7,10,1649987
Best,Eve,70.00
Adversary,8,10,1649988
Best,Eve,60.00
Adversary,9,10,1649989
Best,Eve,90.00
Execution,149999,150000,149999,149999,1649990,Alice-Encrypt
Thread,2,8,69932.82,-750.00,11,-160.00,68772.82,2.53,2.53,100.00
Thread,10,43,68771.94,-750.00,42,-50.00,-8974.19,2.23,2.23,100.00
Thread,1,5,68921.48,-750.00,7,120.00,67471.48,-4.58,-4.58,100.00
Thread,9,36,67988.33,-750.00,39,70.00,-563.16,-4.07,-4.07,100.00
Thread,3,12,69386.18,-750.00,14,260.00,67756.18,-2.14,-2.14,100.00
Thread,6,25,68801.28,-220.00,24,90.00,67891.28,2.89,2.89,100.00
Thread,7,29,68912.97,-350.00,28,140.00,32772.97,2.57,2.57,100.00
Thread,8,33,69988.16,-120.00,32,20.00,-5303.72,-6.53,-6.53,100.00
Thread,4,18,67193.27,-250.00,16,90.00,66273.27,3.85,3.85,100.00
Thread,5,21,69285.99,-750.00,20,70.00,-3137.58,3.40,3.40,100.00
Thread,0,1,67704.80,-320.00,3,90.00,66634.80,-5.19,-5.19,100.00
Thread,18,73,70459.16,-770.00,75,-70.00,4387.80,0.68,0.68,100.00
Thread,11,45,69650.15,-170.00,46,130.00,34140.15,2.13,2.13,100.00
Thread,21,86,67125.87,-220.00,84,140.00,-45139.00,-2.38,-2.38,100.00
Thread,20,82,33404.62,90.00,83,360.00,2149.45,0.52,0.52,100.00
Thread,12,51,3114.12,130.00,48,270.00,2197.56,11.23,11.04,99.95
Thread,14,59,68158.16,150.00,58,200.00,67508.16,0.63,0.63,100.00
Thread,16,66,39294.90,-60.00,67,40.00,-40097.80,-2.33,-2.33,100.00
Thread,19,79,67956.31,-720.00,78,190.00,4461.32,1.68,1.68,100.00
Thread,13,55,68988.98,-80.00,52,120.00,68178.98,-2.41,-2.41,100.00
Thread,22,88,70364.62,-410.00,90,80.00,69254.62,-8.33,-8.33,100.00
Thread,23,93,68095.28,-250.00,92,-160.00,-2416.69,-0.52,-0.52,100.00
Thread,15,62,69346.70,-70.00,61,300.00,68376.70,-0.21,-0.21,100.00
Thread,17,68,70396.73,-530.00,69,110.00,-7803.26,3.03,3.03,100.00
Best,A&B,70459.16,-770.00
Execution,149999,150000,150000,149999,1649990,Bob-Decrypt
Thread,3,12,70982.95,-750.00,13,340.00,69302.95,4.03,4.03,100.00
Thread,0,3,66703.47,-90.00,0,120.00,132266.73,-1.08,-1.08,100.00
Thread,6,27,66699.14,-740.00,24,110.00,65249.14,0.60,0.60,100.00
Thread,7,29,68331.09,-330.00,28,390.00,67011.09,0.01,0.01,100.00
Thread,8,32,69817.01,-190.00,33,120.00,68917.01,-0.02,-0.02,100.00
Thread,9,36,70607.53,-750.00,37,180.00,69077.53,13.75,13.75,100.00
Thread,1,5,64612.73,-760.00,7,50.00,132175.56,8.65,8.65,100.00
Thread,5,21,66986.69,-730.00,20,60.00,23156.68,0.90,0.90,100.00
Thread,2,8,71358.06,-750.00,11,-280.00,136881.33,9.83,9.83,100.00
Thread,16,65,67371.28,-620.00,64,90.00,66061.28,2.85,2.85,100.00
Thread,10,41,65094.60,-740.00,42,40.00,808.14,-0.76,-0.76,100.00
Thread,12,50,36489.90,-350.00,49,0.00,-40932.55,1.83,1.83,100.00
Thread,4,18,70568.16,-320.00,16,50.00,69608.16,5.35,5.35,100.00
Thread,20,81,4120.62,-170.00,83,110.00,-27313.56,-1.81,-1.39,77.72
Thread,11,45,70561.17,170.00,45,170.00,69941.17,-7.40,-7.40,100.00
Thread,18,73,43304.66,-760.00,74,190.00,-35161.47,8.24,8.24,100.00
Thread,17,70,70479.17,50.00,70,40.00,69879.17,-6.59,-6.59,100.00
Thread,21,84,68697.22,0.00,86,180.00,67907.22,2.65,2.65,100.00
Thread,19,76,83027.94,280.00,76,280.00,82407.94,-9.33,-9.33,100.00
Thread,14,58,37681.50,180.00,58,190.00,37111.50,3.80,3.80,100.00
Thread,13,55,70144.44,-250.00,53,-70.00,-7734.22,2.29,2.29,100.00
Thread,15,61,33959.02,-20.00,62,180.00,16364.04,1.04,1.04,100.00
Thread,22,88,70625.84,-290.00,91,110.00,69655.84,4.93,4.93,100.00
Thread,23,93,83178.33,-70.00,94,60.00,-943.92,-6.17,-6.17,100.00
Best,A&B,83178.33,-70.00
----------------------------------------
TimeDiff: 13036 secs
Last best score: 83178.328125
