Thread,2,11,36866.38,-140.00,9,130.00,36516.38,10.06,10.06,100.00
Thread,7,31,50757.61,-570.00,30,-20.00,50057.61,14.76,14.76,100.00
Thread,4,18,33959.23,-750.00,19,150.00,32939.23,-22.33,-22.33,100.00
Thread,5,20,50041.86,-170.00,23,430.00,49321.86,-9.97,-9.97,100.00
Thread,11,45,35852.02,-480.00,44,420.00,34802.02,5.07,5.07,100.00
Thread,1,7,49338.88,-400.00,5,100.00,48728.88,-1.53,-1.53,100.00
Thread,8,33,38132.09,-730.00,35,100.00,37152.09,11.34,11.34,100.00
Thread,0,1,37585.15,-420.00,0,270.00,72374.84,-9.06,-9.06,100.00
Thread,3,13,36369.10,-150.00,12,380.00,35689.10,-3.47,-3.47,100.00
Thread,10,43,49839.19,-790.00,41,110.00,48819.19,-2.79,-2.79,100.00
Thread,14,59,49674.83,-750.00,58,50.00,5724.86,-1.42,-1.42,100.00
Thread,13,52,49095.18,-100.00,55,160.00,5005.18,-2.00,-2.00,100.00
Thread,23,95,50007.54,-240.00,93,220.00,49447.54,9.13,9.13,100.00
Thread,12,50,47054.96,-750.00,49,-120.00,-37310.00,-18.56,-18.56,100.00
Thread,15,61,49077.42,-170.00,60,170.00,48587.42,1.28,1.28,100.00
Thread,22,91,49676.97,-540.00,90,0.00,48986.97,-3.28,-3.28,100.00
Thread,18,75,49642.61,-780.00,72,50.00,48692.61,1.15,1.15,100.00
Thread,16,64,46028.77,70.00,65,160.00,45788.77,-21.21,-21.21,100.00
Thread,19,77,50519.82,-240.00,78,10.00,50149.82,-14.50,-14.50,100.00
Thread,21,85,46722.50,-770.00,87,320.00,45492.50,22.22,22.22,100.00
Thread,17,69,45649.29,-100.00,68,290.00,45109.29,-25.45,-25.45,100.00
Thread,20,80,47454.88,-750.00,81,160.00,-37240.00,16.36,16.36,100.00
Best,A&B,50757.61,-570.00
----------------------------------------
Execution,149999,150000,149999,149999,1649980,Eve-Adversary
Adversary,0,10,1649980
Best,Eve,150.00
Adversary,1,10,1649981
Best,Eve,140.00
Adversary,2,10,1649982
Best,Eve,160.00
Adversary,3,10,1649983
Best,Eve,130.00
Adversary,4,10,1649984
Best,Eve,150.00
Adversary,5,10,1649985
Best,Eve,140.00
Adversary,6,10,1649986
Best,Eve,110.00
Adversary,7,10,1649987
Best,Eve,100.00
Adversary,8,10,1649988
Best,Eve,90.00
Adversary,9,10,1649989
Best,Eve,170.00
Execution,149999,150000,149999,149999,1649990,Alice-Encrypt
Thread,8,34,36282.57,120.00,35,330.00,35912.57,-2.02,-2.02,100.00
Thread,9,39,49172.96,0.00,37,130.00,48852.96,-3.51,-3.51,100.00
Thread,0,2,49480.86,-300.00,3,60.00,48990.86,3.75,3.75,100.00
Thread,5,21,38129.20,-560.00,20,0.00,37419.20,13.33,13.33,100.00
Thread,2,11,34442.01,-340.00,8,-60.00,34002.01,-15.02,-15.02,100.00
Thread,1,6,36648.73,-240.00,4,100.00,36158.73,-4.91,-4.91,100.00
Thread,10,43,33904.57,70.00,41,220.00,-25660.23,-17.28,-17.28,100.00
Thread,11,45,46971.94,-360.00,44,500.00,45961.94,17.34,17.34,100.00
Thread,6,26,48675.81,250.00,25,450.00,48325.81,1.10,1.10,100.00
Thread,3,12,50188.36,-390.00,14,50.00,49598.36,-9.24,-9.24,100.00
Thread,7,28,49820.52,-750.00,31,180.00,48750.52,-3.70,-3.70,100.00
Thread,16,67,49590.27,40.00,66,630.00,-38035.00,-7.25,-7.25,100.00
Thread,4,19,37377.59,-160.00,18,220.00,36847.59,-9.68,-9.68,100.00
Thread,12,50,49817.62,-450.00,51,310.00,48927.62,-5.21,-5.21,100.00
Thread,17,69,36927.27,280.00,71,740.00,36257.27,-9.28,-9.28,100.00
Thread,14,59,50410.71,-750.00,58,390.00,49120.71,7.91,7.91,100.00
Thread,20,80,49491.19,-80.00,82,120.00,-37700.00,-5.60,-5.60,100.00
Thread,13,52,49622.63,-70.00,53,60.00,-19945.87,-6.90,-6.90,100.00
Thread,19,77,49057.84,150.00,78,760.00,48247.84,-3.63,-3.63,100.00
Thread,21,85,36149.28,-20.00,84,180.00,35799.28,0.11,0.11,100.00
Thread,18,74,49958.17,-710.00,72,-30.00,49068.17,-3.81,-3.81,100.00
Thread,15,60,44380.75,130.00,61,280.00,44100.75,33.91,33.91,100.00
Thread,23,95,49821.95,70.00,93,230.00,49351.95,8.89,8.89,100.00
Thread,22,91,46830.46,-740.00,88,140.00,45800.46,-21.36,-21.36,100.00
Best,A&B,50410.71,-750.00
Execution,149999,150000,150000,149999,1649990,Bob-Decrypt
Thread,8,32,36833.34,-90.00,33,150.00,36443.34,-12.51,-12.51,100.00
Thread,5,22,45484.20,140.00,21,470.00,45004.20,25.33,25.33,100.00
Thread,2,9,50211.79,-160.00,10,310.00,49621.79,-11.81,-11.81,100.00
Thread,1,4,36361.09,-300.00,5,250.00,69933.10,10.62,10.62,100.00
Thread,11,47,49965.71,-210.00,46,470.00,49135.71,-8.63,-8.63,100.00
Thread,9,37,36318.20,-30.00,39,90.00,36058.20,-1.24,-1.24,100.00
Thread,10,40,46512.51,-400.00,42,130.00,45812.51,-21.10,-21.10,100.00
Thread,0,1,48813.48,0.00,2,220.00,48493.48,-0.59,-0.59,100.00
Thread,6,25,47411.60,-670.00,24,380.00,-16060.00,-16.31,-16.31,100.00
Thread,4,16,36393.52,-230.00,19,1110.00,34843.52,0.31,0.31,100.00
Thread,3,12,49709.43,-330.00,13,400.00,98030.28,5.32,5.32,100.00
Thread,17,68,33505.41,-230.00,71,170.00,32915.41,-2.25,-2.25,100.00
Thread,13,52,50514.08,-360.00,55,130.00,49874.08,-12.90,-12.90,100.00
Thread,7,30,49001.13,-20.00,29,200.00,48631.13,1.97,1.97,100.00
Thread,12,50,50146.35,-480.00,48,100.00,5256.05,7.68,7.68,100.00
Thread,14,59,50423.69,-740.00,58,210.00,49323.69,8.04,8.04,100.00
Thread,18,74,50480.75,-710.00,73,250.00,49370.75,-8.58,-8.58,100.00
Thread,23,92,49177.36,-70.00,95,320.00,1664.66,-2.95,-2.95,100.00
Thread,21,86,45653.71,-200.00,87,60.00,18103.71,-26.05,-26.05,100.00
Thread,15,62,50594.15,-330.00,63,330.00,-16125.00,14.44,14.44,100.00
Thread,19,78,50512.62,-200.00,76,40.00,50112.62,-14.53,-14.53,100.00
Thread,22,89,45756.41,120.00,88,350.00,45376.41,23.23,23.23,100.00
Thread,16,67,48992.20,-150.00,65,290.00,48332.20,-0.42,-0.42,100.00
Thread,20,80,50094.87,-750.00,83,170.00,49034.87,-5.01,-5.01,100.00
Best,A&B,50594.15,-330.00
----------------------------------------
TimeDiff: 7957 secs
Last best score: 50594.148438
