Thread,4,16,58911.86,-100.00,19,170.00,58181.86,-1.52,-1.52,100.00
Thread,5,21,59765.31,-250.00,23,210.00,-10306.17,-8.92,-8.92,100.00
Thread,3,14,58397.95,-120.00,15,110.00,57797.95,-10.48,-10.48,100.00
Thread,7,29,59066.57,-210.00,28,10.00,-863.91,-10.88,-10.88,100.00
Thread,8,33,56116.93,-130.00,32,250.00,-4026.24,15.94,15.94,100.00
Thread,12,50,55409.23,-250.00,51,40.00,-5022.82,-3.30,-3.30,100.00
Thread,9,39,58961.44,-20.00,38,190.00,58301.44,-7.21,-7.21,100.00
Thread,1,6,57510.75,-110.00,4,200.00,56730.75,-0.21,-0.21,100.00
Thread,10,41,58398.26,0.00,42,410.00,57558.26,2.32,2.32,100.00
Thread,22,91,59745.10,-160.00,89,260.00,1033.08,9.70,9.70,100.00
Thread,2,9,59545.06,-210.00,10,300.00,58545.06,-7.01,-7.01,100.00
Thread,14,59,58594.77,-70.00,57,20.00,-10857.55,-0.97,-0.97,100.00
Thread,13,52,60101.63,-750.00,53,10.00,58901.63,9.77,9.77,100.00
Thread,11,45,58829.79,-60.00,44,140.00,58179.79,1.25,1.25,100.00
Thread,23,92,58678.77,20.00,93,80.00,-18531.75,5.94,5.94,100.00
Thread,16,64,57213.65,-150.00,66,160.00,12088.65,-2.58,-2.58,100.00
Thread,15,61,71805.43,-290.00,63,90.00,70955.43,-2.00,-2.00,100.00
Thread,19,79,52319.70,-220.00,76,130.00,51549.70,5.23,5.23,100.00
Thread,18,74,56430.99,-60.00,72,130.00,55770.99,-0.05,-0.05,100.00
Thread,20,82,59942.80,-720.00,81,330.00,-19764.54,-4.77,-4.77,100.00
Thread,21,87,37496.55,100.00,87,110.00,37056.55,6.15,6.15,100.00
Thread,17,68,58535.11,-110.00,69,20.00,-20022.71,2.46,2.46,100.00
Best,A&B,72155.89,-750.00
----------------------------------------
Execution,149999,150000,149999,149999,1649980,Eve-Adversary
Adversary,0,10,1649980
Best,Eve,100.00
Adversary,1,10,1649981
Best,Eve,140.00
Adversary,2,10,1649982
Best,Eve,180.00
Adversary,3,10,1649983
Best,Eve,100.00
Adversary,4,10,1649984
Best,Eve,80.00
Adversary,5,10,1649985
Best,Eve,130.00
Adversary,6,10,1649986
Best,Eve,210.00
Adversary,7,10,1649987
Best,Eve,80.00
Adversary,8,10,1649988
Best,Eve,330.00
Adversary,9,10,1649989
Best,Eve,130.00
Execution,149999,150000,149999,149999,1649990,Alice-Encrypt
Thread,1,4,59532.36,-400.00,6,280.00,58382.36,-5.34,-5.34,100.00
Thread,6,24,58742.40,-130.00,26,160.00,58002.40,-0.91,-0.91,100.00
Thread,9,37,58565.85,-60.00,38,40.00,58065.85,4.58,4.58,100.00
Thread,0,1,54512.49,-110.00,2,220.00,53692.49,18.78,18.78,100.00
Thread,7,31,59424.84,-730.00,30,260.00,-13700.85,9.26,9.26,100.00
Thread,3,14,58715.06,-160.00,12,170.00,57945.06,1.54,1.54,100.00
Thread,5,21,55902.15,-260.00,23,-80.00,13767.17,-9.87,-9.87,100.00
Thread,8,32,58070.62,100.00,33,330.00,3675.76,5.69,5.69,100.00
Thread,4,18,58981.81,-210.00,19,100.00,58231.81,2.31,2.31,100.00
Thread,13,53,55548.38,90.00,53,110.00,55088.38,-18.73,-18.73,100.00
Thread,2,9,59625.78,-750.00,10,150.00,58295.78,3.10,3.10,100.00
Thread,17,68,60304.73,-310.00,71,670.00,58814.73,-13.89,-13.89,100.00
Thread,16,64,71478.20,40.00,67,50.00,71018.20,3.25,3.25,100.00
Thread,11,44,58742.65,190.00,44,190.00,58302.65,6.94,6.94,100.00
Thread,23,92,69082.40,-90.00,93,150.00,68392.40,18.06,18.06,100.00
Thread,10,43,58832.16,620.00,43,670.00,58322.16,10.02,10.02,100.00
Thread,12,51,59415.72,40.00,48,180.00,-121.34,9.76,9.76,100.00
Thread,14,56,-1657.42,40.00,56,40.00,-1687.42,-6.24,-8.31,66.92
Thread,18,74,58332.09,-90.00,73,100.00,57692.09,4.02,4.02,100.00
Thread,15,62,60804.95,-750.00,63,190.00,59394.95,13.18,13.18,100.00
Thread,20,80,59041.97,-50.00,80,-50.00,58601.97,-6.34,-6.34,100.00
Thread,19,79,58409.90,-420.00,78,150.00,57389.90,-0.52,-0.52,100.00
Thread,22,89,58201.25,-40.00,91,120.00,57571.25,2.18,2.18,100.00
Thread,21,85,59280.76,50.00,86,240.00,-11767.79,6.10,6.10,100.00
Best,A&B,71478.20,40.00
Execution,149999,150000,150000,149999,1649990,Bob-Decrypt
Thread,0,1,57696.63,-120.00,0,200.00,56926.63,10.98,10.98,100.00
Thread,1,5,57892.46,-60.00,4,120.00,57262.46,0.42,0.42,100.00
Thread,4,17,53921.99,-690.00,16,1250.00,51531.99,-17.62,-17.62,100.00
Thread,6,26,58572.42,230.00,25,520.00,4172.44,5.21,5.21,100.00
Thread,2,9,57630.92,-770.00,10,30.00,56400.92,0.05,0.05,100.00
Thread,5,23,57604.54,30.00,21,240.00,56954.54,-9.90,-9.90,100.00
Thread,11,44,54243.27,180.00,45,190.00,-3856.72,2.45,2.45,100.00
Thread,3,15,59728.00,-330.00,13,420.00,58548.00,12.83,12.83,100.00
Thread,7,29,58994.46,80.00,28,190.00,10419.46,5.01,5.01,100.00
Thread,22,89,59139.98,-120.00,88,220.00,32353.76,3.27,3.27,100.00
Thread,23,95,59665.19,-740.00,94,120.00,-10588.11,-2.38,-2.38,100.00
Thread,15,60,56570.25,-150.00,61,-30.00,55990.25,-1.38,-1.38,100.00
Thread,16,66,57548.90,-60.00,65,130.00,-3628.51,6.22,6.22,100.00
Thread,9,36,59237.23,0.00,37,80.00,58707.23,6.29,6.29,100.00
Thread,13,55,18918.23,-30.00,54,500.00,5223.34,8.17,8.17,100.00
Thread,8,34,57738.77,460.00,34,420.00,57328.77,-9.10,-9.10,100.00
Thread,12,48,58561.48,50.00,51,230.00,57931.48,-2.98,-2.98,100.00
Thread,14,57,73079.48,-760.00,56,-50.00,11224.53,10.80,10.80,100.00
Thread,10,40,58781.27,-10.00,43,490.00,57891.27,2.22,2.22,100.00
Thread,18,72,72166.96,-10.00,74,120.00,71576.96,-10.32,-10.32,100.00
Thread,19,76,60143.44,-380.00,77,110.00,59173.44,12.73,12.73,100.00
Thread,20,83,71295.64,-30.00,80,140.00,70685.64,1.22,1.22,100.00
Thread,17,70,58754.97,100.00,68,290.00,-12788.61,1.96,1.96,100.00
Thread,21,85,71892.86,-240.00,86,170.00,71052.86,3.42,3.42,100.00
Best,A&B,73079.48,-760.00
----------------------------------------
TimeDiff: 11561 secs
Last best score: 73079.484375
