Thread,3,15,58554.82,-250.00,13,50.00,57714.82,2.17,2.17,100.00
Thread,0,0,58317.76,-80.00,1,20.00,114635.78,-5.17,-5.17,100.00
Thread,9,38,57248.31,-20.00,36,260.00,25158.33,2.74,2.74,100.00
Thread,8,35,57563.91,20.00,32,110.00,57013.91,2.66,2.66,100.00
Thread,6,27,59319.22,-610.00,25,-40.00,14019.23,2.66,2.66,100.00
Thread,1,6,55502.03,-300.00,4,280.00,54512.03,0.86,0.86,100.00
Thread,4,19,56787.63,-40.00,17,440.00,55757.63,8.17,8.17,100.00
Thread,5,20,58930.67,-280.00,21,120.00,8204.81,-0.21,-0.21,100.00
Thread,22,91,59268.25,-110.00,90,130.00,58578.25,-6.90,-6.90,100.00
Thread,18,73,59771.74,-10.00,74,190.00,992.95,10.02,10.02,100.00
Thread,17,69,56376.34,40.00,71,160.00,55876.34,9.27,9.27,100.00
Thread,14,58,57938.91,-110.00,59,380.00,-9143.34,-0.72,-0.72,100.00
Thread,12,50,58923.59,0.00,49,260.00,-2749.22,5.54,5.54,100.00
Thread,10,43,59135.14,80.00,41,280.00,-11847.48,-7.15,-7.15,100.00
Thread,13,54,-2179.64,240.00,53,290.00,-11312.17,-3.45,-3.53,91.36
Thread,11,46,71901.28,-790.00,47,-200.00,-12951.06,0.21,0.21,100.00
Thread,15,60,56058.24,-270.00,62,610.00,-2045.40,-21.69,-21.69,100.00
Thread,21,85,58830.72,20.00,86,190.00,58190.72,2.72,2.72,100.00
Thread,19,76,71756.08,0.00,77,850.00,70406.08,-4.23,-4.23,100.00
Thread,20,83,59069.85,-380.00,80,280.00,-37509.33,1.63,1.63,100.00
Thread,16,64,21948.61,270.00,64,270.00,21843.61,1.44,0.66,53.11
Thread,23,95,57168.09,-30.00,92,470.00,-2599.97,3.12,3.12,100.00
Best,A&B,71901.28,-790.00
----------------------------------------
Execution,149999,150000,149999,149999,1649980,Eve-Adversary
Adversary,0,10,1649980
Best,Eve,220.00
Adversary,1,10,1649981
Best,Eve,150.00
Adversary,2,10,1649982
Best,Eve,80.00
Adversary,3,10,1649983
Best,Eve,70.00
Adversary,4,10,1649984
Best,Eve,190.00
Adversary,5,10,1649985
Best,Eve,70.00
Adversary,6,10,1649986
Best,Eve,110.00
Adversary,7,10,1649987
Best,Eve,120.00
Adversary,8,10,1649988
Best,Eve,180.00
Adversary,9,10,1649989
Best,Eve,80.00
Execution,149999,150000,149999,149999,1649990,Alice-Encrypt
Thread,10,40,16157.96,10.00,42,80.00,-1997.17,-16.26,-16.26,100.00
Thread,1,5,58838.68,-420.00,4,350.00,57618.68,1.99,1.99,100.00
Thread,4,17,56316.06,-340.00,19,230.00,55356.06,-0.29,-0.29,100.00
Thread,0,3,57038.12,-750.00,2,-130.00,55968.12,1.32,1.32,100.00
Thread,9,37,58168.42,70.00,38,140.00,57678.42,4.16,4.16,100.00
Thread,5,20,59032.70,-750.00,22,-130.00,-306.24,6.71,6.71,100.00
Thread,7,30,59625.24,-90.00,31,150.00,58995.24,10.46,10.46,100.00
Thread,2,9,58190.68,-370.00,8,100.00,57270.68,5.06,5.06,100.00
Thread,6,24,58551.07,-150.00,25,-50.00,19366.07,9.02,9.02,100.00
Thread,8,35,57111.30,110.00,32,120.00,56641.30,0.70,0.70,100.00
Thread,3,13,57274.12,180.00,14,380.00,56614.12,3.86,3.86,100.00
Thread,13,54,58551.80,-40.00,55,40.00,17516.82,-7.40,-7.40,100.00
Thread,19,76,58263.02,-230.00,78,250.00,-10274.17,4.46,4.46,100.00
Thread,22,90,57922.80,-30.00,89,120.00,260.01,-0.14,-0.14,100.00
Thread,20,83,58827.23,70.00,82,260.00,15272.20,-4.28,-4.28,100.00
Thread,11,45,58488.98,-160.00,46,120.00,57788.98,5.99,5.99,100.00
Thread,12,50,58222.79,-50.00,49,210.00,-23899.25,-4.68,-4.68,100.00
Thread,21,87,57262.81,10.00,84,100.00,-24340.98,-2.07,-2.07,100.00
Thread,23,95,58783.23,-130.00,93,-60.00,-9399.41,-5.71,-5.71,100.00
Thread,14,58,71311.55,-140.00,56,270.00,-12123.07,0.45,0.45,100.00
Thread,16,67,56448.23,-110.00,66,120.00,23283.24,1.49,1.49,100.00
Thread,18,72,57975.50,-200.00,75,30.00,-11338.78,7.81,7.81,100.00
Thread,15,61,57943.78,-60.00,60,160.00,-2390.71,4.25,4.25,100.00
Thread,17,69,56478.11,130.00,71,180.00,55968.11,-9.63,-9.63,100.00
Best,A&B,71311.55,-140.00
Execution,149999,150000,150000,149999,1649990,Bob-Decrypt
Thread,3,13,55397.44,-130.00,14,100.00,111391.55,6.66,6.66,100.00
Thread,5,21,58421.85,-760.00,22,270.00,56941.85,-8.02,-8.02,100.00
Thread,7,28,58140.40,330.00,28,330.00,57690.40,-1.80,-1.80,100.00
Thread,2,8,57611.12,-230.00,10,20.00,114321.80,-12.65,-12.65,100.00
Thread,9,37,58470.79,40.00,37,50.00,58040.79,-3.27,-3.27,100.00
Thread,0,3,57082.96,-710.00,1,130.00,111579.02,1.69,1.69,100.00
Thread,1,6,59823.46,-520.00,7,170.00,58673.46,7.00,7.00,100.00
Thread,10,40,59645.73,-30.00,43,240.00,-29119.46,-11.17,-11.17,100.00
Thread,8,35,58468.63,-130.00,34,190.00,57698.63,-2.79,-2.79,100.00
Thread,4,16,58974.41,-230.00,17,-80.00,58374.41,7.52,7.52,100.00
Thread,6,25,71475.88,50.00,27,370.00,4146.77,4.40,4.40,100.00
Thread,17,71,71927.42,60.00,71,70.00,71477.42,8.74,8.74,100.00
Thread,21,87,58666.93,120.00,87,130.00,58226.93,-4.59,-4.59,100.00
Thread,14,58,56086.14,-70.00,56,170.00,-7787.28,-1.93,-1.93,100.00
Thread,15,62,71222.34,-10.00,60,130.00,8422.88,-0.10,-0.10,100.00
Thread,18,73,59961.84,-30.00,72,110.00,59371.84,-13.09,-13.09,100.00
Thread,12,51,16101.50,50.00,50,230.00,-11146.99,-9.67,-9.67,100.00
Thread,22,90,71572.34,-40.00,91,80.00,-11125.20,2.73,2.73,100.00
Thread,13,52,-13133.10,-60.00,55,60.00,-56062.53,-2.25,-9.50,65.78
Thread,19,79,58303.65,-30.00,78,120.00,57703.65,-5.22,-5.22,100.00
Thread,23,93,59114.31,-90.00,94,180.00,58444.31,8.09,8.09,100.00
Thread,11,46,59697.44,-40.00,47,30.00,59217.44,-10.33,-10.33,100.00
Thread,16,65,72427.39,-210.00,66,0.00,-10570.36,8.94,8.94,100.00
Thread,20,81,59877.76,-320.00,82,230.00,21157.77,12.29,12.29,100.00
Best,A&B,72427.39,-210.00
----------------------------------------
TimeDiff: 12356 secs
Last best score: 72427.390625
