Thread,6,25,61071.71,-160.00,26,240.00,60421.71,9.22,9.22,100.00
Thread,7,30,47926.09,-350.00,29,180.00,15286.06,1.55,1.55,100.00
Thread,8,33,45080.37,-70.00,34,240.00,44430.37,18.00,18.00,100.00
Thread,4,18,46211.10,-260.00,17,370.00,45281.10,-7.82,-7.82,100.00
Thread,3,14,60463.71,-420.00,13,190.00,59553.71,-0.03,-0.03,100.00
Thread,1,5,47520.41,-200.00,4,-60.00,47080.41,3.53,3.53,100.00
Thread,0,1,60568.42,-310.00,0,310.00,59648.42,-2.28,-2.28,100.00
Thread,9,36,61516.28,-30.00,37,230.00,60966.28,13.79,13.79,100.00
Thread,14,56,61237.15,80.00,57,170.00,60877.15,11.97,11.97,100.00
Thread,11,44,60140.61,-140.00,45,-10.00,59710.61,0.00,0.00,100.00
Thread,17,70,59558.58,360.00,70,360.00,59288.58,-0.35,-0.35,100.00
Thread,10,43,60522.89,310.00,43,310.00,60202.89,7.18,7.18,100.00
Thread,15,62,60601.55,-130.00,61,90.00,60081.55,-4.67,-4.67,100.00
Thread,13,53,60765.59,-150.00,55,150.00,60175.59,5.19,5.19,100.00
Thread,12,49,60907.64,-160.00,51,190.00,60247.64,6.30,6.30,100.00
Thread,18,75,61147.34,-130.00,74,280.00,27042.34,-9.23,-9.23,100.00
Thread,22,91,47699.18,-140.00,90,90.00,47169.18,-3.52,-3.52,100.00
Thread,16,64,48326.34,-170.00,67,400.00,-9325.60,7.87,7.87,100.00
Thread,19,78,60840.41,-140.00,79,0.00,-5783.62,-6.14,-6.14,100.00
Thread,23,93,60985.98,-500.00,92,180.00,-7002.71,-4.05,-4.05,100.00
Thread,20,83,60717.00,-350.00,82,20.00,60047.00,3.11,3.11,100.00
Thread,21,84,49014.84,-290.00,85,20.00,48454.84,-12.32,-12.32,100.00
Best,A&B,62019.76,-710.00
----------------------------------------
Execution,149999,150000,149999,149999,1649980,Eve-Adversary
Adversary,0,10,1649980
Best,Eve,160.00
Adversary,1,10,1649981
Best,Eve,100.00
Adversary,2,10,1649982
Best,Eve,230.00
Adversary,3,10,1649983
Best,Eve,100.00
Adversary,4,10,1649984
Best,Eve,140.00
Adversary,5,10,1649985
Best,Eve,150.00
Adversary,6,10,1649986
Best,Eve,120.00
Adversary,7,10,1649987
Best,Eve,120.00
Adversary,8,10,1649988
Best,Eve,190.00
Adversary,9,10,1649989
Best,Eve,70.00
Execution,149999,150000,149999,149999,1649990,Alice-Encrypt
Thread,7,28,48684.23,-250.00,30,80.00,-18733.46,10.60,10.60,100.00
Thread,4,17,44467.05,-230.00,18,400.00,43537.05,-15.26,-15.26,100.00
Thread,2,8,47045.62,-120.00,11,200.00,46415.62,1.43,1.43,100.00
Thread,0,1,47483.66,-300.00,2,150.00,46783.66,-5.81,-5.81,100.00
Thread,10,43,47365.58,-230.00,42,110.00,-19043.95,-3.27,-3.27,100.00
Thread,6,27,56655.79,-30.00,24,190.00,56165.79,-25.99,-25.99,100.00
Thread,8,33,47078.66,-100.00,32,110.00,-19713.38,-1.86,-1.86,100.00
Thread,1,7,48078.40,-360.00,4,170.00,47248.40,6.12,6.12,100.00
Thread,9,39,47893.75,-90.00,38,0.00,47503.75,-10.74,-10.74,100.00
Thread,3,15,57937.36,-180.00,13,120.00,57327.36,-17.86,-17.86,100.00
Thread,5,23,48036.51,-150.00,21,180.00,47436.51,-11.39,-11.39,100.00
Thread,15,60,46620.64,50.00,62,80.00,-20822.17,0.37,0.37,100.00
Thread,12,51,46783.17,-60.00,49,80.00,46373.17,3.94,3.94,100.00
Thread,20,83,61569.68,-40.00,82,250.00,60979.68,-14.16,-14.16,100.00
Thread,11,44,48173.89,-50.00,45,290.00,47533.89,7.56,7.56,100.00
Thread,14,58,46463.05,-340.00,57,200.00,45623.05,12.46,12.46,100.00
Thread,16,65,47709.56,-260.00,66,170.00,-4250.08,-3.82,-3.82,100.00
Thread,21,84,48112.95,-280.00,86,310.00,47192.95,-6.03,-6.03,100.00
Thread,13,52,60851.18,60.00,53,160.00,60441.18,-7.92,-7.92,100.00
Thread,17,70,48182.26,-80.00,69,70.00,-16137.99,6.39,6.39,100.00
Thread,22,91,47942.70,-80.00,88,70.00,47462.70,-6.12,-6.12,100.00
Thread,19,76,61010.32,-180.00,78,50.00,35105.32,-7.15,-7.15,100.00
Thread,18,74,47762.36,-320.00,73,110.00,47032.36,3.59,3.59,100.00
Thread,23,94,62205.29,-760.00,92,10.00,61135.29,14.85,14.85,100.00
Best,A&B,62205.29,-760.00
Execution,149999,150000,150000,149999,1649990,Bob-Decrypt
Thread,8,33,61377.48,-110.00,35,220.00,60767.48,12.88,12.88,100.00
Thread,4,17,48417.11,-390.00,19,70.00,47667.11,5.70,5.70,100.00
Thread,2,8,47347.65,-440.00,10,500.00,46127.65,-12.93,-12.93,100.00
Thread,10,43,47434.14,-30.00,40,190.00,5269.12,1.17,1.17,100.00
Thread,6,24,60823.54,40.00,25,250.00,-18670.91,7.47,7.47,100.00
Thread,7,28,60458.27,-30.00,29,100.00,-28625.38,-3.55,-3.55,100.00
Thread,3,13,45333.28,-60.00,12,60.00,44913.28,16.81,16.81,100.00
Thread,0,0,47375.57,-310.00,1,340.00,46475.57,3.66,3.66,100.00
Thread,1,5,60268.53,-130.00,4,240.00,116955.89,1.12,1.12,100.00
Thread,5,22,60363.25,-10.00,23,140.00,59883.25,2.57,2.57,100.00
Thread,9,39,47213.59,-440.00,36,210.00,46273.59,-6.81,-6.81,100.00
Thread,11,44,60797.80,60.00,44,60.00,60517.80,7.41,7.41,100.00
Thread,18,74,60318.29,80.00,73,470.00,-27652.90,3.12,3.12,100.00
Thread,14,58,47098.88,-480.00,59,130.00,46208.88,-0.19,-0.19,100.00
Thread,12,48,47973.02,0.00,51,70.00,47623.02,5.04,5.04,100.00
Thread,19,77,47940.01,-640.00,78,0.00,-14261.11,10.50,10.50,100.00
Thread,13,55,48312.82,-200.00,53,-90.00,47952.82,-6.48,-6.48,100.00
Thread,21,85,47124.60,-10.00,87,430.00,46384.60,-12.37,-12.37,100.00
Thread,20,80,60364.12,-40.00,81,250.00,1419.12,-2.66,-2.66,100.00
Thread,17,71,60129.19,-190.00,70,240.00,-29514.23,0.76,0.76,100.00
Thread,15,60,59644.17,320.00,60,320.00,59344.17,-0.72,-0.72,100.00
Thread,22,88,48632.98,-370.00,91,-50.00,-27507.75,7.70,7.70,100.00
Thread,16,65,60974.84,-70.00,67,190.00,60364.84,7.67,7.67,100.00
Thread,23,93,47478.02,0.00,95,70.00,11953.03,-0.83,-0.83,100.00
Best,A&B,61377.48,-110.00
----------------------------------------
TimeDiff: 9713 secs
Last best score: 61377.484375
