Thread,4,17,35389.42,10.00,16,250.00,34999.42,3.13,3.13,100.00
Thread,9,36,50284.68,-750.00,38,140.00,49224.68,6.73,6.73,100.00
Thread,3,15,50240.66,-290.00,13,240.00,49580.66,10.97,10.97,100.00
Thread,2,11,47026.75,-720.00,10,120.00,82978.31,-19.79,-19.79,100.00
Thread,1,5,48904.30,-50.00,6,170.00,48584.30,1.09,1.09,100.00
Thread,8,35,50819.98,-700.00,33,180.00,49739.98,12.00,12.00,100.00
Thread,10,40,50483.85,-750.00,42,150.00,49463.85,-8.61,-8.61,100.00
Thread,0,2,50067.72,-220.00,0,240.00,49447.72,9.43,9.43,100.00
Thread,7,29,50227.37,-790.00,31,-30.00,49377.37,-6.20,-6.20,100.00
Thread,19,78,50352.10,-740.00,77,60.00,49402.10,-8.55,-8.55,100.00
Thread,12,51,49135.11,-290.00,49,100.00,48545.11,0.85,0.85,100.00
Thread,11,47,49289.59,-170.00,45,30.00,48909.59,2.88,2.88,100.00
Thread,18,75,37193.26,-170.00,73,-100.00,-27985.00,-7.60,-7.60,100.00
Thread,17,68,47010.25,-410.00,70,350.00,46100.25,17.20,17.20,100.00
Thread,20,80,50171.74,-90.00,81,170.00,49741.74,12.12,12.12,100.00
Thread,21,84,46373.37,-60.00,87,240.00,-38160.00,-19.49,-19.49,100.00
Thread,13,53,48988.70,70.00,54,280.00,-37530.00,-2.62,-2.62,100.00
Thread,22,90,49789.88,-220.00,91,710.00,48699.88,-6.87,-6.87,100.00
Thread,14,57,47408.40,-770.00,59,180.00,46378.40,-16.57,-16.57,100.00
Thread,23,92,49846.33,-270.00,94,170.00,49256.33,-7.12,-7.12,100.00
Thread,15,60,36817.52,-750.00,62,-10.00,35917.52,-8.22,-8.22,100.00
Thread,16,64,49687.39,-420.00,65,290.00,48857.39,-5.43,-5.43,100.00
Best,A&B,50819.98,-700.00
----------------------------------------
Execution,149999,150000,149999,149999,1649980,Eve-Adversary
Adversary,0,10,1649980
Best,Eve,230.00
Adversary,1,10,1649981
Best,Eve,60.00
Adversary,2,10,1649982
Best,Eve,80.00
Adversary,3,10,1649983
Best,Eve,150.00
Adversary,4,10,1649984
Best,Eve,110.00
Adversary,5,10,1649985
Best,Eve,110.00
Adversary,6,10,1649986
Best,Eve,150.00
Adversary,7,10,1649987
Best,Eve,190.00
Adversary,8,10,1649988
Best,Eve,220.00
Adversary,9,10,1649989
Best,Eve,160.00
Execution,149999,150000,149999,149999,1649990,Alice-Encrypt
Thread,7,30,50286.94,-750.00,28,-30.00,49406.94,-6.75,-6.75,100.00
Thread,4,19,49961.60,-690.00,18,220.00,48901.60,3.84,3.84,100.00
Thread,0,3,36918.88,-310.00,0,50.00,36458.88,-4.03,-4.03,100.00
Thread,5,22,47061.23,-250.00,23,90.00,46611.23,-15.35,-15.35,100.00
Thread,8,32,37425.11,-210.00,33,100.00,36915.11,-13.56,-13.56,100.00
Thread,10,43,37032.32,-180.00,41,250.00,-29250.00,-7.36,-7.36,100.00
Thread,2,9,36305.61,-30.00,8,100.00,36025.61,-1.22,-1.22,100.00
Thread,6,24,36609.44,-90.00,26,130.00,-28585.00,4.34,4.34,100.00
Thread,1,5,36472.49,-270.00,4,50.00,36002.49,-1.90,-1.90,100.00
Thread,3,12,36987.22,-260.00,14,670.00,35847.22,-9.77,-9.77,100.00
Thread,9,36,34442.81,-520.00,38,350.00,-28760.00,15.62,15.62,100.00
Thread,11,45,49649.81,-90.00,47,450.00,48929.81,6.96,6.96,100.00
Thread,12,51,46305.50,-120.00,49,270.00,2440.50,20.44,20.44,100.00
Thread,15,60,46609.20,-40.00,61,150.00,-37345.00,17.45,17.45,100.00
Thread,17,68,49916.64,-280.00,71,170.00,-14156.03,-8.88,-8.88,100.00
Thread,19,79,50485.84,-750.00,76,50.00,49545.84,-8.63,-8.63,100.00
Thread,21,86,36492.77,380.00,86,370.00,36362.77,7.46,7.46,100.00
Thread,13,52,46122.70,-250.00,55,290.00,45432.70,23.02,23.02,100.00
Thread,16,65,45621.84,-40.00,66,120.00,45331.84,-25.43,-25.43,100.00
Thread,18,73,45929.35,-20.00,74,180.00,45569.35,22.73,22.73,100.00
Thread,14,56,50722.53,-380.00,59,150.00,50032.53,14.99,14.99,100.00
Thread,23,93,49213.36,-410.00,94,-30.00,48703.36,0.19,0.19,100.00
Thread,20,80,33305.36,-500.00,81,180.00,-27960.00,-2.51,-2.51,100.00
Thread,22,91,35753.60,-160.00,88,90.00,35323.60,-4.73,-4.73,100.00
Best,A&B,50722.53,-380.00
Execution,149999,150000,150000,149999,1649990,Bob-Decrypt
Thread,4,19,49853.69,-740.00,16,-100.00,49093.69,-2.91,-2.91,100.00
Thread,9,37,35910.49,170.00,36,400.00,35530.49,-5.42,-5.42,100.00
Thread,7,30,51057.86,-750.00,29,30.00,50127.86,14.59,14.59,100.00
Thread,3,14,50103.73,-530.00,15,360.00,49063.73,7.09,7.09,100.00
Thread,0,1,36391.55,-140.00,3,540.00,35591.55,0.94,0.94,100.00
Thread,6,27,50519.51,-320.00,25,20.00,50019.51,13.28,13.28,100.00
Thread,8,34,33971.75,-310.00,33,870.00,32641.75,19.55,19.55,100.00
Thread,5,23,46522.09,-210.00,21,20.00,-20137.92,19.26,19.26,100.00
Thread,2,11,46432.97,-290.00,10,600.00,45392.97,21.18,21.18,100.00
Thread,16,66,33655.71,-340.00,64,140.00,33105.71,21.15,21.15,100.00
Thread,10,43,48796.44,-20.00,42,-10.00,48636.44,0.21,0.21,100.00
Thread,1,7,46851.40,10.00,6,250.00,46461.40,15.03,15.03,100.00
Thread,12,51,36815.89,-230.00,49,570.00,-8284.11,-3.92,-3.92,100.00
Thread,17,68,49584.11,-470.00,69,100.00,48864.11,3.00,3.00,100.00
Thread,13,53,34704.80,-610.00,52,470.00,33474.80,-12.58,-12.58,100.00
Thread,11,46,49289.52,30.00,45,300.00,48869.52,4.70,4.70,100.00
Thread,21,85,49195.27,-260.00,86,160.00,-37285.00,-3.61,-3.61,100.00
Thread,14,56,49308.66,-30.00,59,-20.00,49148.66,-4.43,-4.43,100.00
Thread,18,72,49457.43,-220.00,74,310.00,48787.43,-4.06,-4.06,100.00
Thread,20,80,50014.03,10.00,83,330.00,7394.03,11.52,11.52,100.00
Thread,22,91,50697.47,-490.00,90,170.00,49887.47,-13.15,-13.15,100.00
Thread,15,62,37397.70,180.00,61,690.00,36737.70,-12.88,-12.88,100.00
Thread,19,79,50680.55,-740.00,76,-60.00,49850.55,10.56,10.56,100.00
Thread,23,95,36862.83,-700.00,93,380.00,35632.83,0.55,0.55,100.00
Best,A&B,51057.86,-750.00
----------------------------------------
TimeDiff: 7949 secs
Last best score: 51057.859375
