Thread,4,18,48597.12,-370.00,19,240.00,47707.12,7.74,7.74,100.00
Thread,8,35,61095.83,-70.00,32,100.00,60655.83,-10.16,-10.16,100.00
Thread,0,1,48898.05,-90.00,0,160.00,48348.05,14.59,14.59,100.00
Thread,2,10,60781.09,-750.00,9,-190.00,59921.09,0.25,0.25,100.00
Thread,9,38,47045.23,-20.00,37,90.00,46635.23,2.09,2.09,100.00
Thread,5,22,46841.03,0.00,20,270.00,-25450.66,-12.33,-12.33,100.00
Thread,10,43,60215.34,-10.00,40,220.00,59695.34,-3.53,-3.53,100.00
Thread,6,24,61063.01,-260.00,25,300.00,-6751.19,6.90,6.90,100.00
Thread,7,28,8852.35,-750.00,29,-60.00,-20425.66,2.14,2.14,100.00
Thread,1,7,60033.66,-40.00,6,220.00,59473.66,0.03,0.03,100.00
Thread,12,51,60489.50,-80.00,50,30.00,-16044.43,3.31,3.31,100.00
Thread,22,89,58198.86,-220.00,88,160.00,-26395.03,16.49,16.49,100.00
Thread,11,47,47748.01,-240.00,44,260.00,46968.01,-0.99,-0.99,100.00
Thread,18,73,60463.46,-260.00,72,340.00,59563.46,-2.45,-2.45,100.00
Thread,23,94,47427.42,70.00,95,130.00,-6623.57,-0.91,-0.91,100.00
Thread,19,79,60332.80,-320.00,76,10.00,11862.80,1.28,1.28,100.00
Thread,20,81,45837.99,-440.00,83,220.00,-23739.27,-7.41,-7.41,100.00
Thread,14,58,61526.13,-60.00,57,320.00,60846.13,-14.24,-14.24,100.00
Thread,21,84,47349.92,-380.00,86,370.00,46319.92,-5.01,-5.01,100.00
Thread,13,52,48240.75,-50.00,54,140.00,20475.79,7.02,7.02,100.00
Thread,15,62,12433.36,-80.00,60,300.00,6184.50,-9.96,-13.02,76.26
Thread,16,65,48357.19,-100.00,66,60.00,47857.19,7.36,7.36,100.00
Best,A&B,61526.13,-60.00
----------------------------------------
Execution,149999,150000,149999,149999,1649980,Eve-Adversary
Adversary,0,10,1649980
Best,Eve,90.00
Adversary,1,10,1649981
Best,Eve,70.00
Adversary,2,10,1649982
Best,Eve,70.00
Adversary,3,10,1649983
Best,Eve,70.00
Adversary,4,10,1649984
Best,Eve,70.00
Adversary,5,10,1649985
Best,Eve,230.00
Adversary,6,10,1649986
Best,Eve,240.00
Adversary,7,10,1649987
Best,Eve,170.00
Adversary,8,10,1649988
Best,Eve,100.00
Adversary,9,10,1649989
Best,Eve,260.00
Execution,149999,150000,149999,149999,1649990,Alice-Encrypt
Thread,6,26,46632.79,60.00,27,960.00,-6677.25,-4.77,-4.77,100.00
Thread,2,10,45150.92,-770.00,9,150.00,43930.92,17.79,17.79,100.00
Thread,3,13,46318.84,-140.00,14,190.00,45708.84,-0.59,-0.59,100.00
Thread,7,28,45281.16,-180.00,30,170.00,-7883.79,-16.19,-16.19,100.00
Thread,4,18,45064.92,-780.00,16,10.00,43954.92,-15.48,-15.48,100.00
Thread,8,32,44637.23,80.00,33,110.00,-19611.61,3.89,3.89,100.00
Thread,9,36,46890.75,-60.00,38,310.00,46210.75,-4.88,-4.88,100.00
Thread,0,2,46862.54,-290.00,0,180.00,46112.54,-4.99,-4.99,100.00
Thread,10,42,47715.45,-370.00,41,220.00,-35150.07,-9.61,-9.61,100.00
Thread,5,22,47304.45,-800.00,20,40.00,-26508.97,-5.77,-5.77,100.00
Thread,1,6,47762.81,-520.00,7,80.00,46892.81,1.11,1.11,100.00
Thread,11,44,48109.44,-750.00,47,520.00,46499.44,2.96,2.96,100.00
Thread,19,78,61726.64,-760.00,76,120.00,60556.64,-8.54,-8.54,100.00
Thread,14,59,47099.48,-760.00,58,0.00,-22988.70,5.05,5.05,100.00
Thread,16,66,60269.23,80.00,67,170.00,22854.21,2.88,2.88,100.00
Thread,15,60,60728.73,-170.00,63,-20.00,6377.62,4.69,4.69,100.00
Thread,20,81,60861.91,-770.00,80,-40.00,59831.91,-1.93,-1.93,100.00
Thread,12,51,21179.86,-760.00,48,60.00,8154.86,-8.57,-8.57,100.00
Thread,17,70,57809.97,-100.00,71,440.00,-9402.66,-18.08,-18.08,100.00
Thread,22,91,61700.00,-760.00,88,-20.00,60650.00,-8.29,-8.29,100.00
Thread,21,84,48160.24,-750.00,87,100.00,-18728.12,0.28,0.28,100.00
Thread,18,74,60820.48,30.00,72,80.00,60420.48,-7.06,-7.06,100.00
Thread,13,55,61599.28,-740.00,53,-180.00,60709.28,-7.33,-7.33,100.00
Thread,23,93,48791.76,-750.00,94,530.00,47211.76,6.80,6.80,100.00
Best,A&B,61726.64,-760.00
Execution,149999,150000,150000,149999,1649990,Bob-Decrypt
Thread,1,4,60846.07,-310.00,6,220.00,105744.91,4.49,4.49,100.00
Thread,4,18,58051.63,-750.00,16,100.00,56931.63,21.59,21.59,100.00
Thread,5,21,60703.60,-140.00,23,110.00,60173.60,-4.91,-4.91,100.00
Thread,8,32,47386.89,70.00,35,480.00,12406.89,-0.66,-0.66,100.00
Thread,3,13,48250.20,-390.00,14,-90.00,47670.20,-4.13,-4.13,100.00
Thread,7,30,60384.28,-200.00,29,120.00,59764.28,1.33,1.33,100.00
Thread,2,10,47795.37,-740.00,9,180.00,46575.37,-11.74,-11.74,100.00
Thread,0,2,42686.47,-90.00,0,180.00,42146.47,26.07,26.07,100.00
Thread,9,36,48674.41,-280.00,37,90.00,-1679.76,-8.96,-8.96,100.00
Thread,6,27,60616.94,750.00,27,760.00,60266.94,12.60,12.60,100.00
Thread,20,81,60950.60,-770.00,80,-80.00,59960.60,1.63,1.63,100.00
Thread,12,50,60421.57,-440.00,48,0.00,6861.58,-0.94,-0.94,100.00
Thread,21,84,16286.63,-750.00,85,270.00,-7077.00,13.96,13.96,100.00
Thread,15,63,47410.01,-50.00,61,170.00,-14976.38,0.04,0.04,100.00
Thread,10,42,60677.87,210.00,42,220.00,60397.87,-8.99,-8.99,100.00
Thread,11,46,48321.03,-150.00,45,280.00,47591.03,7.91,7.91,100.00
Thread,17,69,48486.23,-90.00,68,60.00,-20731.62,-8.98,-8.98,100.00
Thread,13,55,47184.59,-760.00,52,250.00,45864.59,-2.54,-2.54,100.00
Thread,22,91,45092.38,-760.00,88,110.00,43912.38,-18.26,-18.26,100.00
Thread,18,74,60931.96,-30.00,75,180.00,20881.96,8.02,8.02,100.00
Thread,14,59,61096.60,-770.00,56,270.00,59746.60,2.85,2.85,100.00
Thread,16,67,46839.05,-340.00,66,140.00,-22944.68,14.89,14.89,100.00
Thread,23,94,45314.09,-260.00,92,750.00,-33227.12,-18.49,-18.49,100.00
Thread,19,78,49197.45,-760.00,76,200.00,47947.45,-14.76,-14.76,100.00
Best,A&B,61096.60,-770.00
----------------------------------------
TimeDiff: 10067 secs
Last best score: 61096.601562
