Thread,7,28,79320.32,-750.00,31,240.00,-34027.38,2.63,2.63,100.00
Thread,0,0,80097.94,-750.00,2,40.00,156989.12,3.94,3.94,100.00
Thread,2,8,75831.52,-140.00,9,50.00,13884.91,-2.60,-2.60,100.00
Thread,8,34,-15599.14,490.00,34,510.00,-15649.14,29.95,5.34,61.77
Thread,1,7,79536.70,270.00,7,270.00,143805.73,8.11,8.11,100.00
Thread,9,38,-6294.39,-20.00,38,-20.00,-6404.39,-0.80,-5.33,58.00
Thread,6,27,75698.52,300.00,27,310.00,74958.52,-6.49,-6.49,100.00
Thread,4,16,77603.54,-10.00,19,310.00,-7911.18,0.75,0.75,100.00
Thread,14,59,81496.61,470.00,59,490.00,80736.61,9.87,9.87,100.00
Thread,21,86,78406.11,210.00,86,200.00,77636.11,-4.01,-4.01,100.00
Thread,22,89,7690.63,-90.00,88,110.00,-61451.74,-0.33,3.91,61.40
Thread,10,41,23742.14,-90.00,43,380.00,-48881.13,6.11,6.30,99.93
Thread,15,60,41998.87,-250.00,61,170.00,-22839.90,-1.87,-1.87,100.00
Thread,17,70,-2565.62,-250.00,68,160.00,-17779.72,-0.39,0.25,57.18
Thread,12,48,9369.52,240.00,49,340.00,-179.76,-8.00,-4.35,90.17
Thread,19,76,7776.70,-180.00,78,630.00,-82672.60,5.07,5.29,72.40
Thread,11,44,14207.38,310.00,44,310.00,13902.38,2.84,2.76,99.99
Thread,18,72,80204.12,120.00,73,350.00,-7360.35,2.66,2.66,100.00
Thread,16,67,28111.89,230.00,65,350.00,-26244.20,-7.92,-7.92,100.00
Thread,23,95,7693.05,-180.00,94,-50.00,-14966.21,-4.00,-4.21,76.93
Thread,13,52,-3300.49,210.00,52,210.00,-3355.49,0.16,2.61,64.86
Thread,20,82,80387.56,-70.00,81,370.00,6723.35,-0.38,-0.38,100.00
Best,A&B,81496.61,470.00
----------------------------------------
Execution,149999,150000,149999,149999,1649980,Eve-Adversary
Adversary,0,10,1649980
Best,Eve,160.00
Adversary,1,10,1649981
Best,Eve,80.00
Adversary,2,10,1649982
Best,Eve,200.00
Adversary,3,10,1649983
Best,Eve,190.00
Adversary,4,10,1649984
Best,Eve,160.00
Adversary,5,10,1649985
Best,Eve,80.00
Adversary,6,10,1649986
Best,Eve,100.00
Adversary,7,10,1649987
Best,Eve,250.00
Adversary,8,10,1649988
Best,Eve,90.00
Adversary,9,10,1649989
Best,Eve,80.00
Execution,149999,150000,149999,149999,1649990,Alice-Encrypt
Thread,9,38,74980.30,-760.00,36,100.00,-29045.91,5.10,5.10,100.00
Thread,8,34,-8057.15,-760.00,35,120.00,-53800.85,7.94,4.80,73.71
Thread,7,28,7919.42,100.00,28,100.00,7724.42,-2.10,-5.92,54.58
Thread,2,9,73524.92,-130.00,10,480.00,72184.92,0.08,0.08,100.00
Thread,6,24,80763.01,-750.00,25,380.00,-53063.64,0.10,0.10,100.00
Thread,3,14,79075.95,-200.00,15,-60.00,17280.98,-7.68,-7.68,100.00
Thread,1,5,77698.12,-190.00,4,290.00,5813.73,0.07,0.07,100.00
Thread,5,23,29805.46,130.00,21,130.00,-29242.22,10.71,10.71,100.00
Thread,0,2,78103.61,-110.00,1,90.00,77153.61,12.30,12.30,100.00
Thread,4,19,81078.84,-40.00,16,30.00,9735.09,-3.77,-3.77,100.00
Thread,10,40,4657.07,30.00,41,110.00,-29736.40,-0.26,-0.39,76.73
Thread,13,55,79212.05,280.00,55,270.00,78472.05,2.94,2.94,100.00
Thread,14,59,39727.99,-30.00,58,60.00,-7057.38,-0.14,-0.14,100.00
Thread,17,69,7597.72,270.00,69,240.00,7457.72,-0.58,1.56,68.47
Thread,15,60,36499.17,-750.00,61,110.00,8023.18,-4.78,-4.78,100.00
Thread,19,76,1142.22,-750.00,79,40.00,-49858.09,0.86,-0.88,69.86
Thread,11,44,31307.79,-250.00,46,490.00,-35110.52,-0.26,-0.26,100.00
Thread,12,49,77784.51,-130.00,51,450.00,76414.51,-2.29,-2.29,100.00
Thread,21,84,8923.61,-60.00,87,130.00,4218.60,-7.53,-7.17,66.35
Thread,18,73,19212.11,170.00,73,160.00,18937.11,-7.45,-7.45,100.00
Thread,20,80,-9775.62,100.00,83,340.00,-37252.28,2.15,-0.37,54.94
Thread,16,67,30509.55,100.00,65,140.00,5042.68,-3.01,-3.01,100.00
Thread,22,90,-14198.90,-760.00,91,-140.00,-26920.65,-5.17,-2.35,58.84
Thread,23,95,9301.53,120.00,95,120.00,9106.53,0.34,3.80,54.49
Best,A&B,81078.84,-40.00
Execution,149999,150000,150000,149999,1649990,Bob-Decrypt
Thread,2,8,73882.53,-120.00,10,240.00,151148.47,5.39,5.39,100.00
Thread,4,19,77681.72,-60.00,16,440.00,76421.72,5.43,5.43,100.00
Thread,1,5,13326.90,110.00,7,120.00,30302.88,1.73,1.72,100.00
Thread,7,29,43674.20,20.00,31,130.00,-9483.75,8.81,8.81,100.00
Thread,6,24,11044.21,-750.00,27,60.00,8062.60,8.89,7.81,54.93
Thread,0,0,77697.55,-750.00,3,-80.00,-19860.68,-0.58,-0.58,100.00
Thread,3,14,78265.84,30.00,12,190.00,77315.84,6.93,6.93,100.00
Thread,5,23,21889.48,30.00,20,390.00,7514.73,-2.20,-2.20,100.00
Thread,11,46,22159.88,-70.00,47,10.00,-82820.95,-0.68,-0.68,100.00
Thread,8,34,80444.46,-760.00,32,210.00,-30076.87,-3.69,-3.69,100.00
Thread,12,51,76326.03,-170.00,49,580.00,4887.85,-2.22,-2.22,100.00
Thread,9,36,74111.03,80.00,36,80.00,73361.03,-11.96,-11.96,100.00
Thread,14,59,79510.55,-100.00,57,60.00,74.57,0.37,0.37,100.00
Thread,13,53,9058.90,-270.00,55,200.00,-100927.31,-4.02,-0.62,57.42
Thread,16,67,94955.02,-580.00,64,640.00,-41829.41,5.37,5.37,100.00
Thread,15,60,33029.77,-750.00,62,320.00,-85796.11,5.23,5.23,100.00
Thread,10,40,78420.50,-60.00,42,50.00,43720.50,2.97,2.97,100.00
Thread,17,69,9159.04,-270.00,68,230.00,-35460.52,-4.69,-4.87,57.40
Thread,18,73,81788.52,-280.00,74,260.00,-7196.47,-3.34,-3.34,100.00
Thread,20,83,-815.58,20.00,82,170.00,-62016.14,-5.00,1.79,72.12
Thread,19,77,6945.14,-60.00,79,290.00,-29288.16,-1.61,-9.10,53.83
Thread,23,93,8974.13,-10.00,95,80.00,-56404.05,1.64,7.77,64.77
Thread,21,87,-4941.75,-140.00,85,210.00,-8913.62,1.21,3.83,50.30
Thread,22,90,11885.17,-750.00,89,0.00,-92421.20,1.69,1.57,88.90
Best,A&B,94955.02,-580.00
----------------------------------------
TimeDiff: 14048 secs
Last best score: 94955.015625
