About to run:  Copy-v0  at  Tue Apr 23 11:16:30 UTC 2019
Server Job number:  2735
./runTests.sh: line 21:  2388 Terminated              python3 $GYMUDSPATH$GYMSERVERNAME $i
Run  1
Discrete
Environment: Copy-v0
0 -1.000000
100 0.500000
200 2.500000
300 2.000000
400 2.000000
500 2.000000
600 2.000000
700 2.500000
800 2.000000
900 2.500000
1000 3.000000
1100 3.000000
1200 3.000000
1300 4.000000
1400 4.000000
1500 4.000000
1600 4.000000
1700 3.000000
1800 4.000000
1900 4.000000
2000 4.000000
2100 4.000000
2200 4.000000
2300 4.000000
2400 4.000000
2500 4.000000
2600 4.000000
2700 4.000000
2800 4.000000
2900 4.000000
3000 3.000000
3100 4.000000
3200 4.000000
3300 3.000000
3400 4.000000
3500 4.000000
3600 3.000000
3700 4.000000
3800 4.000000
3900 4.000000
4000 4.000000
4100 3.000000
4200 4.000000
4300 4.000000
4400 4.000000
4500 3.000000
4600 3.000000
4700 4.000000
4800 4.000000
4900 3.000000
5000 4.000000
5100 4.000000
5200 4.000000
5300 4.000000
5400 4.000000
5500 4.000000
5600 4.000000
5700 4.000000
5800 4.000000
5900 4.000000
6000 4.000000
6100 4.000000
6200 4.000000
6300 4.000000
6400 4.000000
6500 4.000000
6600 4.000000
6700 4.000000
6800 4.000000
6900 4.000000
7000 4.000000
7100 4.000000
7200 4.000000
7300 4.000000
7400 4.000000
7500 4.000000
7600 4.000000
7700 4.000000
7800 4.000000
7900 4.000000
8000 4.000000
8100 4.000000
8200 4.000000
8300 4.000000
8400 4.000000
8500 4.000000
8600 4.000000
8700 4.000000
8800 4.000000
8900 4.000000
9000 4.000000
9100 4.000000
9200 4.000000
9300 4.000000
9400 4.000000
9500 4.000000
9600 4.000000
9700 4.000000
9800 4.000000
9900 4.000000
10000 4.000000
10100 4.000000
10200 4.000000
10300 4.000000
10400 4.000000
10500 4.000000
10600 4.000000
10700 4.000000
10800 4.000000
10900 4.000000
11000 4.000000
11100 4.000000
11200 4.000000
11300 4.000000
11400 4.000000
11500 4.000000
11600 4.000000
11700 4.000000
11800 4.000000
11900 4.000000
12000 4.000000
12100 4.000000
12200 4.000000
12300 4.000000
12400 4.000000
12500 4.000000
12600 4.000000
12700 4.000000
12800 4.000000
12900 4.000000
13000 4.000000
13100 4.000000
13200 4.000000
13300 4.000000
13400 4.000000
13500 4.000000
13600 4.000000
13700 4.000000
13800 4.000000
13900 4.000000
14000 4.000000
14100 4.000000
14200 4.000000
14300 4.000000
14400 4.000000
14500 4.000000
14600 4.000000
14700 4.000000
14800 4.000000
14900 4.000000
15000 4.000000
15100 4.000000
15200 4.000000
15300 4.000000
15400 4.000000
15500 4.000000
15600 4.000000
15700 4.000000
15800 4.000000
15900 4.000000
16000 4.000000
16100 4.000000
16200 4.000000
16300 4.000000
16400 4.000000
16500 4.000000
16600 4.000000
16700 4.000000
16800 4.000000
16900 4.000000
17000 4.000000
17100 4.000000
17200 5.000000
17300 5.000000
17400 5.000000
17500 5.000000
17600 5.000000
17700 5.000000
17800 5.000000
17900 5.000000
18000 5.000000
18100 5.000000
18200 5.000000
18300 5.000000
18400 5.000000
18500 5.000000
18600 5.000000
18700 5.000000
18800 5.000000
18900 5.000000
19000 5.000000
19100 5.000000
19200 5.000000
19300 5.000000
19400 5.000000
19500 5.000000
19600 5.000000
19700 5.000000
19800 5.000000
19900 6.000000
20000 6.000000
20100 6.000000
20200 6.000000
20300 6.000000
20400 6.000000
20500 6.000000
20600 6.000000
20700 6.000000
20800 6.000000
20900 6.000000
21000 6.000000
21100 6.000000
21200 6.000000
21300 6.000000
21400 6.000000
21500 7.000000
21600 8.000000
21700 8.000000
21800 9.000000
21900 10.000000
22000 11.000000
22100 12.000000
22200 12.000000
22300 12.000000
22400 12.000000
22500 13.000000
22600 14.000000
22700 15.000000
22800 16.000000
22900 17.000000
23000 18.000000
23100 18.000000
23200 19.000000
23300 20.000000
23400 21.000000
23500 22.000000
23600 23.000000
23700 24.000000
23800 25.000000
23900 27.000000
24000 28.000000
24100 30.000000
24200 31.000000
24300 32.000000
24400 32.000000
24500 32.000000
24600 32.000000
24700 32.000000
24800 32.000000
24900 32.000000
25000 32.000000
25100 32.000000
25200 32.000000
25300 32.000000
25400 32.000000
25500 32.000000
25600 32.000000
25700 32.000000
25800 32.000000
25900 32.000000
26000 32.000000
26100 32.000000
26200 32.000000
26300 32.000000
26400 32.000000
26500 32.000000
26600 32.000000
26700 32.000000
26800 32.000000
26900 32.000000
27000 32.000000
27100 32.000000
27200 32.000000
27300 32.000000
27400 32.000000
27500 32.000000
27600 32.000000
27700 32.000000
27800 32.000000
27900 32.000000
28000 32.000000
28100 32.000000
28200 32.000000
28300 32.000000
28400 32.000000
28500 32.000000
28600 32.000000
28700 32.000000
28800 32.000000
28900 32.000000
29000 32.000000
29100 32.000000
29200 32.000000
29300 32.000000
29400 32.000000
29500 32.000000
29600 32.000000
29700 32.000000
29800 32.000000
29900 32.000000
30000 32.000000
30100 32.000000
30200 32.000000
30300 32.000000
30400 32.000000
30500 32.000000
30600 32.000000
30700 32.000000
30800 32.000000
30900 32.000000
31000 32.000000
31100 32.000000
31200 32.000000
31300 32.000000
31400 32.000000
31500 32.000000
31600 32.000000
31700 32.000000
31800 32.000000
31900 32.000000
32000 32.000000
32100 32.000000
32200 32.000000
32300 32.000000
32400 32.000000
32500 32.000000
32600 32.000000
32700 32.000000
32800 32.000000
32900 32.000000
33000 32.000000
33100 32.000000
33200 32.000000
33300 32.000000
33400 32.000000
33500 32.000000
33600 32.000000
33700 32.000000
33800 32.000000
33900 32.000000
34000 32.000000
34100 32.000000
34200 32.000000
34300 32.000000
34400 32.000000
34500 32.000000
34600 32.000000
34700 32.000000
34800 32.000000
34900 32.000000
35000 32.000000
35100 32.000000
35200 32.000000
35300 32.000000
35400 32.000000
35500 32.000000
35600 32.000000
35700 32.000000
35800 32.000000
35900 32.000000
36000 32.000000
36100 32.000000
36200 32.000000
36300 32.000000
36400 32.000000
36500 32.000000
36600 32.000000
36700 32.000000
36800 32.000000
36900 32.000000
37000 32.000000
37100 32.000000
37200 32.000000
37300 32.000000
37400 32.000000
37500 32.000000
37600 32.000000
37700 32.000000
37800 32.000000
37900 32.000000
38000 32.000000
38100 32.000000
38200 32.000000
38300 32.000000
38400 32.000000
38500 32.000000
38600 32.000000
38700 32.000000
38800 32.000000
38900 32.000000
39000 32.000000
39100 32.000000
39200 32.000000
39300 32.000000
39400 32.000000
39500 32.000000
39600 32.000000
39700 32.000000
39800 32.000000
39900 32.000000
40000 32.000000
40100 32.000000
40200 32.000000
40300 32.000000
40400 32.000000
40500 32.000000
40600 32.000000
40700 32.000000
40800 32.000000
40900 32.000000
41000 32.000000
41100 32.000000
41200 32.000000
41300 32.000000
41400 32.000000
41500 32.000000
41600 32.000000
41700 32.000000
41800 32.000000
41900 32.000000
42000 32.000000
42100 32.000000
42200 32.000000
42300 32.000000
42400 32.000000
42500 32.000000
42600 32.000000
42700 32.000000
42800 32.000000
42900 32.000000
43000 32.000000
43100 32.000000
43200 32.000000
43300 32.000000
43400 32.000000
43500 32.000000
43600 32.000000
43700 32.000000
43800 32.000000
43900 32.000000
44000 32.000000
44100 32.000000
44200 32.000000
44300 32.000000
44400 32.000000
44500 32.000000
44600 32.000000
44700 32.000000
44800 32.000000
44900 32.000000
45000 32.000000
45100 32.000000
45200 32.000000
45300 32.000000
45400 32.000000
45500 32.000000
45600 32.000000
45700 32.000000
45800 32.000000
45900 32.000000
46000 32.000000
46100 32.000000
46200 32.000000
46300 32.000000
46400 32.000000
46500 32.000000
46600 32.000000
46700 32.000000
46800 32.000000
46900 32.000000
47000 32.000000
47100 32.000000
47200 32.000000
47300 32.000000
47400 32.000000
47500 32.000000
47600 32.000000
47700 32.000000
47800 32.000000
47900 32.000000
48000 32.000000
48100 32.000000
48200 32.000000
48300 32.000000
48400 32.000000
48500 32.000000
48600 32.000000
48700 32.000000
48800 32.000000
48900 32.000000
49000 32.000000
49100 32.000000
49200 32.000000
49300 32.000000
49400 32.000000
49500 32.000000
49600 32.000000
49700 32.000000
49800 32.000000
49900 32.000000
50000 32.000000
50100 32.000000
50200 32.000000
50300 32.000000
50400 32.000000
50500 32.000000
50600 32.000000
50700 32.000000
50800 32.000000
50900 32.000000
51000 32.000000
51100 32.000000
51200 32.000000
51300 32.000000
51400 32.000000
51500 32.000000
51600 32.000000
51700 32.000000
51800 32.000000
51900 32.000000
52000 32.000000
52100 32.000000
52200 32.000000
52300 32.000000
52400 32.000000
52500 32.000000
52600 32.000000
52700 32.000000
52800 32.000000
52900 32.000000
53000 32.000000
53100 32.000000
53200 32.000000
53300 32.000000
53400 32.000000
53500 32.000000
53600 32.000000
53700 32.000000
53800 32.000000
53900 32.000000
54000 32.000000
54100 32.000000
54200 32.000000
54300 32.000000
54400 32.000000
54500 32.000000
54600 32.000000
54700 32.000000
54800 32.000000
54900 32.000000
55000 32.000000
55100 32.000000
55200 32.000000
55300 32.000000
55400 32.000000
55500 32.000000
55600 32.000000
55700 32.000000
55800 32.000000
55900 32.000000
56000 32.000000
56100 32.000000
56200 32.000000
56300 32.000000
56400 32.000000
56500 32.000000
56600 32.000000
56700 32.000000
56800 32.000000
56900 32.000000
57000 32.000000
57100 32.000000
57200 32.000000
57300 32.000000
57400 32.000000
57500 32.000000
57600 32.000000
57700 32.000000
57800 32.000000
57900 32.000000
58000 32.000000
58100 32.000000
58200 32.000000
58300 32.000000
58400 32.000000
58500 32.000000
58600 32.000000
58700 32.000000
58800 32.000000
58900 32.000000
59000 32.000000
59100 32.000000
59200 32.000000
59300 32.000000
59400 32.000000
59500 32.000000
59600 32.000000
59700 32.000000
59800 32.000000
59900 32.000000
60000 32.000000
60100 32.000000
60200 32.000000
60300 32.000000
60400 32.000000
60500 32.000000
60600 32.000000
60700 32.000000
60800 32.000000
60900 32.000000
61000 32.000000
61100 32.000000
61200 32.000000
61300 32.000000
61400 32.000000
61500 32.000000
61600 32.000000
61700 32.000000
61800 32.000000
61900 32.000000
62000 32.000000
62100 32.000000
62200 32.000000
62300 32.000000
62400 32.000000
62500 32.000000
62600 32.000000
62700 32.000000
62800 32.000000
62900 32.000000
63000 32.000000
63100 32.000000
63200 32.000000
63300 32.000000
63400 32.000000
63500 32.000000
63600 32.000000
63700 32.000000
63800 32.000000
63900 32.000000
64000 32.000000
64100 32.000000
64200 32.000000
64300 32.000000
64400 32.000000
64500 32.000000
64600 32.000000
64700 32.000000
64800 32.000000
64900 32.000000
65000 32.000000
65100 32.000000
65200 32.000000
65300 32.000000
65400 32.000000
65500 32.000000
65600 32.000000
65700 32.000000
65800 32.000000
65900 32.000000
66000 32.000000
66100 32.000000
66200 32.000000
66300 32.000000
66400 32.000000
66500 32.000000
66600 32.000000
66700 32.000000
66800 32.000000
66900 32.000000
67000 32.000000
67100 32.000000
67200 32.000000
67300 32.000000
67400 32.000000
67500 32.000000
67600 32.000000
67700 32.000000
67800 32.000000
67900 32.000000
68000 32.000000
68100 32.000000
68200 32.000000
68300 32.000000
68400 32.000000
68500 32.000000
68600 32.000000
68700 32.000000
68800 32.000000
68900 32.000000
69000 32.000000
69100 32.000000
69200 32.000000
69300 32.000000
69400 32.000000
69500 32.000000
69600 32.000000
69700 32.000000
69800 32.000000
69900 32.000000
70000 32.000000
70100 32.000000
70200 32.000000
70300 32.000000
70400 32.000000
70500 32.000000
70600 32.000000
70700 32.000000
70800 32.000000
70900 32.000000
71000 32.000000
71100 32.000000
71200 32.000000
71300 32.000000
71400 32.000000
71500 32.000000
71600 32.000000
71700 32.000000
71800 32.000000
71900 32.000000
72000 32.000000
72100 32.000000
72200 32.000000
72300 32.000000
72400 32.000000
72500 32.000000
72600 32.000000
72700 32.000000
72800 32.000000
72900 32.000000
73000 32.000000
73100 32.000000
73200 32.000000
73300 32.000000
73400 32.000000
73500 32.000000
73600 32.000000
73700 32.000000
73800 32.000000
73900 32.000000
74000 32.000000
74100 32.000000
74200 32.000000
74300 32.000000
74400 32.000000
74500 32.000000
74600 32.000000
74700 32.000000
74800 32.000000
74900 32.000000
75000 32.000000
75100 32.000000
75200 32.000000
75300 32.000000
75400 32.000000
75500 32.000000
75600 32.000000
75700 32.000000
75800 32.000000
75900 32.000000
76000 32.000000
76100 32.000000
76200 32.000000
76300 32.000000
76400 32.000000
76500 32.000000
76600 32.000000
76700 32.000000
76800 32.000000
76900 32.000000
77000 32.000000
77100 32.000000
77200 32.000000
77300 32.000000
77400 32.000000
77500 32.000000
77600 32.000000
77700 32.000000
77800 32.000000
77900 32.000000
78000 32.000000
78100 32.000000
78200 32.000000
78300 32.000000
78400 32.000000
78500 32.000000
78600 32.000000
78700 32.000000
78800 32.000000
78900 32.000000
79000 32.000000
79100 32.000000
79200 32.000000
79300 32.000000
79400 32.000000
79500 32.000000
79600 32.000000
79700 32.000000
79800 32.000000
79900 32.000000
80000 32.000000
80100 32.000000
80200 32.000000
80300 32.000000
80400 32.000000
80500 32.000000
80600 32.000000
80700 32.000000
80800 32.000000
80900 32.000000
81000 32.000000
81100 32.000000
81200 32.000000
81300 32.000000
81400 32.000000
81500 32.000000
81600 32.000000
81700 32.000000
81800 32.000000
81900 32.000000
82000 32.000000
82100 32.000000
82200 32.000000
82300 32.000000
82400 32.000000
82500 32.000000
82600 32.000000
82700 32.000000
82800 32.000000
82900 32.000000
83000 32.000000
83100 32.000000
83200 32.000000
83300 32.000000
83400 32.000000
83500 32.000000
83600 32.000000
83700 32.000000
83800 32.000000
83900 32.000000
84000 32.000000
84100 32.000000
84200 32.000000
84300 32.000000
84400 32.000000
84500 32.000000
84600 32.000000
84700 32.000000
84800 32.000000
84900 32.000000
85000 32.000000
85100 32.000000
85200 32.000000
85300 32.000000
85400 32.000000
85500 32.000000
85600 32.000000
85700 32.000000
85800 32.000000
85900 32.000000
86000 32.000000
86100 32.000000
86200 32.000000
86300 32.000000
86400 32.000000
86500 32.000000
86600 32.000000
86700 32.000000
86800 32.000000
86900 32.000000
87000 32.000000
87100 32.000000
87200 32.000000
87300 32.000000
87400 32.000000
87500 32.000000
87600 32.000000
87700 32.000000
87800 32.000000
87900 32.000000
88000 32.000000
88100 32.000000
88200 32.000000
88300 32.000000
88400 32.000000
88500 32.000000
88600 32.000000
88700 32.000000
88800 32.000000
88900 32.000000
89000 32.000000
89100 32.000000
89200 32.000000
89300 32.000000
89400 32.000000
89500 32.000000
89600 32.000000
89700 32.000000
89800 32.000000
89900 32.000000
90000 32.000000
90100 32.000000
90200 32.000000
90300 32.000000
90400 32.000000
90500 32.000000
90600 32.000000
90700 32.000000
90800 32.000000
90900 32.000000
91000 32.000000
91100 32.000000
91200 32.000000
91300 32.000000
91400 32.000000
91500 32.000000
91600 32.000000
91700 32.000000
91800 32.000000
91900 32.000000
92000 32.000000
92100 32.000000
92200 32.000000
92300 32.000000
92400 32.000000
92500 32.000000
92600 32.000000
92700 32.000000
92800 32.000000
92900 32.000000
93000 32.000000
93100 32.000000
93200 32.000000
93300 32.000000
93400 32.000000
93500 32.000000
93600 32.000000
93700 32.000000
93800 32.000000
93900 32.000000
94000 32.000000
94100 32.000000
94200 32.000000
94300 32.000000
94400 32.000000
94500 32.000000
94600 32.000000
94700 32.000000
94800 32.000000
94900 32.000000
95000 32.000000
95100 32.000000
95200 32.000000
95300 32.000000
95400 32.000000
95500 32.000000
95600 32.000000
95700 32.000000
95800 32.000000
95900 32.000000
96000 32.000000
96100 32.000000
96200 32.000000
96300 32.000000
96400 32.000000
96500 32.000000
96600 32.000000
96700 32.000000
96800 32.000000
96900 32.000000
97000 32.000000
97100 32.000000
97200 32.000000
97300 32.000000
97400 32.000000
97500 32.000000
97600 32.000000
97700 32.000000
97800 32.000000
97900 32.000000
98000 32.000000
98100 32.000000
98200 32.000000
98300 32.000000
98400 32.000000
98500 32.000000
98600 32.000000
98700 32.000000
98800 32.000000
98900 32.000000
99000 32.000000
99100 32.000000
99200 32.000000
99300 32.000000
99400 32.000000
99500 32.000000
99600 32.000000
99700 32.000000
99800 32.000000
99900 32.000000

real	13m10.785s
user	3m16.068s
sys	0m25.431s
<<<<>>>>
Continuos
Environment: Copy-v0
0 -1.000000
100 2.500000
200 1.500000
300 1.500000
400 2.500000
500 1.500000
600 1.500000
700 2.500000
800 2.500000
900 2.500000
1000 1.500000
1100 1.500000
1200 2.500000
1300 1.500000
1400 1.500000
1500 1.500000
1600 1.500000
1700 1.500000
1800 1.500000
1900 1.500000
2000 2.500000
2100 2.500000
2200 2.500000
2300 3.500000
2400 2.500000
2500 1.500000
2600 1.500000
2700 2.500000
2800 2.500000
2900 2.500000
3000 2.500000
3100 2.500000
3200 1.500000
3300 3.500000
3400 2.500000
3500 3.500000
3600 2.500000
3700 2.500000
3800 2.500000
3900 1.500000
4000 1.500000
4100 2.500000
4200 3.500000
4300 1.500000
4400 8.500000
4500 6.500000
4600 12.500000
4700 2.500000
4800 5.500000
4900 4.500000
5000 10.500000
5100 7.500000
5200 6.500000
5300 10.500000
5400 4.500000
5500 20.500000
5600 19.500000
5700 8.500000
5800 9.500000
5900 6.500000
6000 12.500000
6100 12.500000
6200 10.500000
6300 2.500000
6400 2.500000
6500 3.500000
6600 2.500000
6700 2.500000
6800 2.500000
6900 2.500000
7000 2.500000
7100 2.500000
7200 4.500000
7300 2.500000
7400 7.500000
7500 3.500000
7600 32.000000
7700 12.500000
7800 14.500000
7900 25.500000
8000 17.500000
8100 25.500000
8200 24.500000
8300 13.500000
8400 2.500000
8500 6.500000
8600 4.500000
8700 29.500000
8800 11.500000
8900 7.500000
9000 4.500000
9100 2.500000
9200 1.500000
9300 2.500000
9400 2.500000
9500 15.500000
9600 3.500000
9700 11.500000
9800 15.500000
9900 2.500000
10000 2.500000
10100 1.500000
10200 1.500000
10300 2.500000
10400 1.500000
10500 1.500000
10600 2.500000
10700 2.500000
10800 3.500000
10900 3.500000
11000 2.000000
11100 1.500000
11200 1.500000
11300 2.500000
11400 0.500000
11500 1.500000
11600 4.500000
11700 1.500000
11800 1.500000
11900 2.500000
12000 1.500000
12100 4.500000
12200 1.500000
12300 1.500000
12400 3.500000
12500 4.500000
12600 3.500000
12700 2.500000
12800 3.500000
12900 1.500000
13000 2.500000
13100 1.500000
13200 1.500000
13300 1.500000
13400 1.500000
13500 2.500000
13600 2.500000
13700 1.500000
13800 2.500000
13900 2.500000
14000 1.500000
14100 2.500000
14200 2.500000
14300 2.500000
14400 1.500000
14500 2.500000
14600 4.500000
14700 2.500000
14800 4.500000
14900 5.500000
15000 2.500000
15100 1.500000
15200 1.500000
15300 2.500000
15400 2.500000
15500 2.500000
15600 2.500000
15700 2.500000
15800 1.500000
15900 2.500000
16000 1.500000
16100 2.500000
16200 2.500000
16300 1.500000
16400 1.500000
16500 2.500000
16600 1.500000
16700 1.500000
16800 1.500000
16900 1.500000
17000 1.500000
17100 3.500000
17200 4.500000
17300 1.500000
17400 2.500000
17500 1.500000
17600 1.500000
17700 2.500000
17800 3.500000
17900 1.500000
18000 2.500000
18100 3.500000
18200 1.500000
18300 1.500000
18400 1.500000
18500 2.500000
18600 1.500000
18700 2.500000
18800 1.500000
18900 3.500000
19000 3.500000
19100 2.500000
19200 2.500000
19300 2.500000
19400 2.500000
19500 2.500000
19600 2.500000
19700 2.500000
19800 4.500000
19900 0.500000
20000 1.500000
20100 2.500000
20200 1.500000
20300 1.500000
20400 1.500000
20500 1.500000
20600 1.500000
20700 2.500000
20800 2.500000
20900 1.500000
21000 1.500000
21100 2.500000
21200 1.500000
21300 2.500000
21400 3.500000
21500 2.500000
21600 1.500000
21700 2.500000
21800 2.000000
21900 1.500000
22000 4.500000
22100 2.500000
22200 1.500000
22300 1.500000
22400 1.500000
22500 1.500000
22600 2.500000
22700 1.500000
22800 2.500000
22900 2.500000
23000 1.500000
23100 1.500000
23200 3.500000
23300 2.500000
23400 3.500000
23500 1.500000
23600 1.500000
23700 1.500000
23800 2.500000
23900 3.500000
24000 1.500000
24100 2.500000
24200 1.500000
24300 1.500000
24400 1.500000
24500 1.500000
24600 2.500000
24700 4.500000
24800 1.500000
24900 4.500000
25000 4.500000
25100 1.500000
25200 1.500000
25300 1.500000
25400 2.500000
25500 3.500000
25600 3.500000
25700 3.500000
25800 1.500000
25900 2.500000
26000 2.500000
26100 3.500000
26200 1.500000
26300 1.500000
26400 1.500000
26500 2.500000
26600 3.500000
26700 2.500000
26800 3.500000
26900 2.500000
27000 1.500000
27100 2.500000
27200 1.500000
27300 2.500000
27400 1.500000
27500 2.500000
27600 1.500000
27700 2.500000
27800 2.500000
27900 2.500000
28000 1.500000
28100 2.500000
28200 2.500000
28300 1.500000
28400 2.500000
28500 2.500000
28600 1.500000
28700 3.500000
28800 2.500000
28900 1.500000
29000 1.500000
29100 3.500000
29200 1.500000
29300 1.500000
29400 2.500000
29500 2.500000
29600 1.500000
29700 2.500000
29800 1.500000
29900 1.500000
30000 1.500000
30100 4.500000
30200 2.500000
30300 3.500000
30400 2.500000
30500 1.500000
30600 1.500000
30700 2.500000
30800 2.500000
30900 2.500000
31000 1.500000
31100 1.500000
31200 2.500000
31300 1.500000
31400 1.500000
31500 0.500000
31600 1.500000
31700 3.500000
31800 2.500000
31900 1.500000
32000 1.500000
32100 1.500000
32200 1.500000
32300 2.500000
32400 1.500000
32500 2.500000
32600 2.500000
32700 2.500000
32800 2.500000
32900 2.500000
33000 3.500000
33100 1.500000
33200 2.500000
33300 1.500000
33400 1.500000
33500 2.500000
33600 1.500000
33700 2.500000
33800 3.500000
33900 3.500000
34000 2.500000
34100 1.500000
34200 2.500000
34300 1.500000
34400 1.500000
34500 2.500000
34600 1.500000
34700 2.500000
34800 2.500000
34900 1.500000
35000 3.500000
35100 2.500000
35200 1.500000
35300 2.500000
35400 1.500000
35500 3.500000
35600 1.500000
35700 2.500000
35800 2.500000
35900 1.500000
36000 1.500000
36100 1.500000
36200 1.500000
36300 3.500000
36400 2.500000
36500 1.500000
36600 3.500000
36700 3.500000
36800 1.500000
36900 1.500000
37000 1.500000
37100 2.500000
37200 1.500000
37300 2.500000
37400 1.500000
37500 2.500000
37600 1.500000
37700 1.500000
37800 4.500000
37900 2.500000
38000 1.500000
38100 2.500000
38200 2.500000
38300 1.500000
38400 2.500000
38500 3.500000
38600 1.500000
38700 3.500000
38800 2.500000
38900 2.500000
39000 1.500000
39100 1.500000
39200 2.500000
39300 1.500000
39400 3.500000
39500 1.500000
39600 1.500000
39700 1.500000
39800 1.500000
39900 1.500000
40000 3.500000
40100 2.500000
40200 1.500000
40300 2.500000
40400 1.500000
40500 0.500000
40600 1.500000
40700 2.500000
40800 1.500000
40900 2.500000
41000 1.500000
41100 1.500000
41200 1.500000
41300 1.500000
41400 1.500000
41500 2.500000
41600 1.500000
41700 1.500000
41800 1.500000
41900 2.500000
42000 1.500000
42100 2.500000
42200 1.500000
42300 2.500000
42400 2.500000
42500 1.500000
42600 1.500000
42700 2.500000
42800 1.500000
42900 1.500000
43000 1.500000
43100 1.500000
43200 1.500000
43300 1.500000
43400 2.500000
43500 1.500000
43600 2.500000
43700 2.500000
43800 2.500000
43900 2.500000
44000 1.500000
44100 1.500000
44200 1.500000
44300 3.500000
44400 4.500000
44500 3.500000
44600 3.500000
44700 4.500000
44800 3.500000
44900 2.500000
45000 3.500000
45100 5.500000
45200 4.500000
45300 7.500000
45400 4.500000
45500 1.500000
45600 1.500000
45700 2.500000
45800 4.500000
45900 3.500000
46000 1.500000
46100 2.500000
46200 1.500000
46300 1.500000
46400 3.500000
46500 2.500000
46600 2.500000
46700 3.500000
46800 1.500000
46900 2.500000
47000 2.500000
47100 3.500000
47200 2.500000
47300 2.500000
47400 1.500000
47500 1.500000
47600 4.500000
47700 2.500000
47800 1.500000
47900 1.500000
48000 3.500000
48100 1.500000
48200 2.500000
48300 1.500000
48400 2.500000
48500 2.500000
48600 0.500000
48700 3.500000
48800 2.500000
48900 1.500000
49000 2.500000
49100 3.500000
49200 2.500000
49300 2.500000
49400 2.500000
49500 3.500000
49600 1.500000
49700 1.500000
49800 2.500000
49900 2.500000
50000 2.500000
50100 2.500000
50200 4.500000
50300 4.500000
50400 3.500000
50500 2.500000
50600 2.500000
50700 3.500000
50800 1.500000
50900 1.500000
51000 2.500000
51100 1.500000
51200 1.500000
51300 1.500000
51400 7.500000
51500 4.500000
51600 5.500000
51700 1.500000
51800 1.500000
51900 2.500000
52000 1.500000
52100 8.500000
52200 4.500000
52300 2.500000
52400 1.500000
52500 2.500000
52600 11.500000
52700 16.500000
52800 2.500000
52900 3.500000
53000 3.500000
53100 8.500000
53200 14.500000
53300 10.500000
53400 10.500000
53500 3.500000
53600 4.500000
53700 1.500000
53800 1.500000
53900 1.500000
54000 1.500000
54100 2.500000
54200 2.500000
54300 2.500000
54400 8.500000
54500 5.500000
54600 12.500000
54700 2.500000
54800 2.500000
54900 1.500000
55000 1.500000
55100 1.500000
55200 1.500000
55300 4.500000
55400 1.500000
55500 3.500000
55600 2.500000
55700 1.500000
55800 2.500000
55900 4.500000
56000 1.500000
56100 1.500000
56200 2.500000
56300 4.500000
56400 1.500000
56500 2.500000
56600 1.500000
56700 2.500000
56800 1.500000
56900 2.500000
57000 1.500000
57100 1.500000
57200 1.500000
57300 1.500000
57400 1.500000
57500 1.500000
57600 1.500000
57700 2.500000
57800 1.500000
57900 1.500000
58000 1.500000
58100 1.500000
58200 3.500000
58300 1.500000
58400 2.500000
58500 3.500000
58600 1.500000
58700 2.500000
58800 1.500000
58900 2.500000
59000 1.500000
59100 2.500000
59200 1.500000
59300 1.500000
59400 1.500000
59500 1.500000
59600 1.500000
59700 3.500000
59800 1.500000
59900 2.500000
60000 2.500000
60100 1.500000
60200 2.500000
60300 3.500000
60400 1.500000
60500 2.500000
60600 1.500000
60700 3.500000
60800 2.500000
60900 2.500000
61000 1.500000
61100 1.500000
61200 1.500000
61300 2.500000
61400 1.500000
61500 1.500000
61600 1.500000
61700 1.500000
61800 1.500000
61900 1.500000
62000 2.500000
62100 5.500000
62200 1.500000
62300 1.500000
62400 3.500000
62500 1.500000
62600 2.500000
62700 1.500000
62800 2.500000
62900 2.500000
63000 2.500000
63100 2.500000
63200 2.500000
63300 1.500000
63400 1.500000
63500 2.500000
63600 3.500000
63700 4.500000
63800 1.500000
63900 2.500000
64000 1.500000
64100 2.500000
64200 4.500000
64300 1.500000
64400 3.000000
64500 2.500000
64600 1.500000
64700 2.500000
64800 2.500000
64900 1.500000
65000 3.500000
65100 1.500000
65200 2.500000
65300 1.500000
65400 2.500000
65500 2.500000
65600 2.500000
65700 2.500000
65800 1.500000
65900 3.500000
66000 2.500000
66100 1.500000
66200 1.500000
66300 2.500000
66400 1.500000
66500 1.500000
66600 1.500000
66700 2.500000
66800 2.500000
66900 2.500000
67000 1.500000
67100 1.500000
67200 2.500000
67300 1.500000
67400 2.500000
67500 1.500000
67600 1.500000
67700 2.500000
67800 1.500000
67900 1.500000
68000 2.500000
68100 3.500000
68200 3.500000
68300 2.500000
68400 3.500000
68500 2.500000
68600 0.500000
68700 1.500000
68800 0.500000
68900 3.500000
69000 1.500000
69100 2.500000
69200 3.500000
69300 1.500000
69400 4.500000
69500 2.500000
69600 1.500000
69700 3.500000
69800 1.500000
69900 2.500000
70000 2.500000
70100 2.500000
70200 2.500000
70300 1.500000
70400 2.500000
70500 3.500000
70600 1.500000
70700 3.500000
70800 1.500000
70900 1.500000
71000 3.500000
71100 4.500000
71200 1.500000
71300 2.500000
71400 2.500000
71500 1.500000
71600 3.500000
71700 1.500000
71800 0.500000
71900 4.500000
72000 0.500000
72100 2.500000
72200 1.500000
72300 1.500000
72400 2.500000
72500 1.500000
72600 2.500000
72700 1.500000
72800 1.500000
72900 1.500000
73000 1.500000
73100 2.500000
73200 2.500000
73300 2.500000
73400 1.500000
73500 2.500000
73600 3.500000
73700 4.500000
73800 2.500000
73900 1.500000
74000 1.500000
74100 2.500000
74200 2.500000
74300 2.000000
74400 2.500000
74500 1.500000
74600 1.500000
74700 2.500000
74800 1.500000
74900 2.500000
75000 2.500000
75100 2.500000
75200 2.500000
75300 2.500000
75400 1.500000
75500 1.500000
75600 4.500000
75700 1.500000
75800 4.500000
75900 2.500000
76000 1.500000
76100 1.500000
76200 1.500000
76300 2.500000
76400 2.500000
76500 2.500000
76600 2.500000
76700 3.500000
76800 1.500000
76900 3.500000
77000 1.500000
77100 1.500000
77200 2.500000
77300 1.500000
77400 3.500000
77500 1.500000
77600 1.500000
77700 1.500000
77800 1.500000
77900 1.500000
78000 1.500000
78100 0.500000
78200 2.500000
78300 2.500000
78400 2.500000
78500 1.500000
78600 1.500000
78700 2.500000
78800 0.500000
78900 0.500000
79000 1.500000
79100 3.500000
79200 1.500000
79300 2.500000
79400 2.500000
79500 1.500000
79600 2.500000
79700 0.500000
79800 1.500000
79900 3.500000
80000 1.500000
80100 1.500000
80200 2.500000
80300 1.500000
80400 2.500000
80500 2.500000
80600 4.500000
80700 2.500000
80800 1.500000
80900 0.500000
81000 2.500000
81100 2.500000
81200 1.500000
81300 1.500000
81400 2.500000
81500 2.500000
81600 2.500000
81700 1.500000
81800 1.500000
81900 1.500000
82000 2.500000
82100 1.500000
82200 1.500000
82300 1.500000
82400 1.500000
82500 1.500000
82600 1.500000
82700 2.500000
82800 2.500000
82900 2.500000
83000 2.500000
83100 2.500000
83200 4.500000
83300 1.500000
83400 1.500000
83500 1.500000
83600 1.500000
83700 1.500000
83800 2.500000
83900 3.500000
84000 1.500000
84100 1.500000
84200 1.500000
84300 2.500000
84400 0.500000
84500 2.500000
84600 2.500000
84700 2.500000
84800 2.500000
84900 2.500000
85000 1.500000
85100 1.500000
85200 2.500000
85300 2.500000
85400 1.500000
85500 1.500000
85600 1.500000
85700 1.500000
85800 1.500000
85900 2.500000
86000 2.500000
86100 2.500000
86200 1.500000
86300 1.500000
86400 2.500000
86500 1.500000
86600 2.500000
86700 2.500000
86800 1.500000
86900 6.500000
87000 6.500000
87100 3.500000
87200 2.500000
87300 1.500000
87400 1.500000
87500 1.500000
87600 2.500000
87700 4.500000
87800 3.500000
87900 1.500000
88000 0.500000
88100 1.500000
88200 2.500000
88300 2.500000
88400 1.500000
88500 2.500000
88600 1.500000
88700 3.500000
88800 1.500000
88900 1.500000
89000 1.500000
89100 2.500000
89200 2.500000
89300 3.500000
89400 1.500000
89500 2.500000
89600 2.500000
89700 2.500000
89800 2.500000
89900 2.500000
90000 3.500000
90100 2.500000
90200 0.500000
90300 1.500000
90400 2.500000
90500 1.500000
90600 2.500000
90700 2.500000
90800 2.500000
90900 2.500000
91000 1.500000
91100 1.500000
91200 1.500000
91300 0.500000
91400 1.500000
91500 2.500000
91600 3.500000
91700 2.500000
91800 2.500000
91900 3.500000
92000 2.500000
92100 0.500000
92200 2.500000
92300 1.500000
92400 2.500000
92500 3.500000
92600 1.500000
92700 2.500000
92800 3.500000
92900 1.500000
93000 1.500000
93100 1.500000
93200 3.500000
93300 2.500000
93400 2.500000
93500 2.500000
93600 1.500000
93700 1.500000
93800 5.500000
93900 1.500000
94000 2.500000
94100 1.500000
94200 2.500000
94300 1.500000
94400 1.500000
94500 1.500000
94600 0.500000
94700 2.500000
94800 1.500000
94900 1.500000
95000 4.500000
95100 1.500000
95200 2.500000
95300 2.500000
95400 2.500000
95500 1.500000
95600 1.500000
95700 3.500000
95800 1.500000
95900 1.500000
96000 2.500000
96100 2.500000
96200 1.500000
96300 2.500000
96400 1.500000
96500 2.500000
96600 2.500000
96700 1.500000
96800 1.500000
96900 2.500000
97000 2.500000
97100 2.000000
97200 2.000000
97300 1.500000
97400 2.500000
97500 1.500000
97600 2.500000
97700 1.500000
97800 1.500000
97900 3.500000
98000 2.500000
98100 2.500000
98200 2.500000
98300 2.500000
98400 2.500000
98500 2.500000
98600 1.500000
98700 1.500000
98800 2.500000
98900 2.500000
99000 2.500000
99100 2.500000
99200 2.500000
99300 2.500000
99400 1.500000
99500 1.500000
99600 1.500000
99700 6.500000
99800 3.500000
99900 6.500000

real	11m46.154s
user	3m2.264s
sys	0m21.585s
********
Run  2
Discrete
Environment: Copy-v0
0 -1.000000
100 1.500000
200 1.500000
300 4.500000
400 4.500000
500 9.500000
600 4.500000
700 30.000000
800 32.000000
900 31.000000
1000 31.000000
1100 32.000000
1200 32.000000
1300 32.000000
1400 32.000000
1500 32.000000
1600 32.000000
1700 32.000000
1800 32.000000
1900 32.000000
2000 32.000000
2100 32.000000
2200 32.000000
2300 32.000000
2400 32.000000
2500 32.000000
2600 32.000000
2700 32.000000
2800 32.000000
2900 32.000000
3000 32.000000
3100 32.000000
3200 32.000000
3300 32.000000
3400 32.000000
3500 32.000000
3600 32.000000
3700 32.000000
3800 32.000000
3900 32.000000
4000 32.000000
4100 32.000000
4200 32.000000
4300 32.000000
4400 32.000000
4500 32.000000
4600 32.000000
4700 32.000000
4800 32.000000
4900 32.000000
5000 32.000000
5100 32.000000
5200 32.000000
5300 32.000000
5400 32.000000
5500 32.000000
5600 32.000000
5700 32.000000
5800 32.000000
5900 32.000000
6000 32.000000
6100 32.000000
6200 32.000000
6300 32.000000
6400 32.000000
6500 32.000000
6600 32.000000
6700 32.000000
6800 32.000000
6900 32.000000
7000 32.000000
7100 32.000000
7200 32.000000
7300 32.000000
7400 32.000000
7500 32.000000
7600 32.000000
7700 32.000000
7800 32.000000
7900 32.000000
8000 32.000000
8100 32.000000
8200 32.000000
8300 32.000000
8400 32.000000
8500 32.000000
8600 32.000000
8700 32.000000
8800 32.000000
8900 32.000000
9000 32.000000
9100 32.000000
9200 32.000000
9300 32.000000
9400 32.000000
9500 32.000000
9600 32.000000
9700 32.000000
9800 32.000000
9900 32.000000
10000 32.000000
10100 32.000000
10200 32.000000
10300 32.000000
10400 32.000000
10500 32.000000
10600 32.000000
10700 32.000000
10800 32.000000
10900 32.000000
11000 32.000000
11100 32.000000
11200 32.000000
11300 32.000000
11400 32.000000
11500 32.000000
11600 32.000000
11700 32.000000
11800 32.000000
11900 32.000000
12000 32.000000
12100 32.000000
12200 32.000000
12300 32.000000
12400 32.000000
12500 32.000000
12600 32.000000
12700 32.000000
12800 32.000000
12900 32.000000
13000 32.000000
13100 32.000000
13200 32.000000
13300 32.000000
13400 32.000000
13500 32.000000
13600 32.000000
13700 32.000000
13800 32.000000
13900 32.000000
14000 32.000000
14100 32.000000
14200 32.000000
14300 32.000000
14400 32.000000
14500 32.000000
14600 32.000000
14700 32.000000
14800 32.000000
14900 32.000000
15000 32.000000
15100 32.000000
15200 32.000000
15300 32.000000
15400 32.000000
15500 32.000000
15600 32.000000
15700 32.000000
15800 32.000000
15900 32.000000
16000 32.000000
16100 32.000000
16200 32.000000
16300 32.000000
16400 32.000000
16500 32.000000
16600 32.000000
16700 32.000000
16800 32.000000
16900 32.000000
17000 32.000000
17100 32.000000
17200 32.000000
17300 32.000000
17400 32.000000
17500 32.000000
17600 32.000000
17700 32.000000
17800 32.000000
17900 32.000000
18000 32.000000
18100 32.000000
18200 32.000000
18300 32.000000
18400 32.000000
18500 32.000000
18600 32.000000
18700 32.000000
18800 32.000000
18900 32.000000
19000 32.000000
19100 32.000000
19200 32.000000
19300 32.000000
19400 32.000000
19500 32.000000
19600 32.000000
19700 32.000000
19800 32.000000
19900 32.000000
20000 32.000000
20100 32.000000
20200 32.000000
20300 32.000000
20400 32.000000
20500 32.000000
20600 32.000000
20700 32.000000
20800 32.000000
20900 32.000000
21000 32.000000
21100 32.000000
21200 32.000000
21300 32.000000
21400 32.000000
21500 32.000000
21600 32.000000
21700 32.000000
21800 32.000000
21900 32.000000
22000 32.000000
22100 32.000000
22200 32.000000
22300 32.000000
22400 32.000000
22500 32.000000
22600 32.000000
22700 32.000000
22800 32.000000
22900 32.000000
23000 32.000000
23100 32.000000
23200 32.000000
23300 32.000000
23400 32.000000
23500 32.000000
23600 32.000000
23700 32.000000
23800 32.000000
23900 32.000000
24000 32.000000
24100 32.000000
24200 32.000000
24300 32.000000
24400 32.000000
24500 32.000000
24600 32.000000
24700 32.000000
24800 32.000000
24900 32.000000
25000 32.000000
25100 32.000000
25200 32.000000
25300 32.000000
25400 32.000000
25500 32.000000
25600 32.000000
25700 32.000000
25800 32.000000
25900 32.000000
26000 32.000000
26100 32.000000
26200 32.000000
26300 32.000000
26400 32.000000
26500 32.000000
26600 32.000000
26700 32.000000
26800 32.000000
26900 32.000000
27000 32.000000
27100 32.000000
27200 32.000000
27300 32.000000
27400 32.000000
27500 32.000000
27600 32.000000
27700 32.000000
27800 32.000000
27900 32.000000
28000 32.000000
28100 32.000000
28200 32.000000
28300 32.000000
28400 32.000000
28500 32.000000
28600 32.000000
28700 32.000000
28800 32.000000
28900 32.000000
29000 32.000000
29100 32.000000
29200 32.000000
29300 32.000000
29400 32.000000
29500 32.000000
29600 32.000000
29700 32.000000
29800 32.000000
29900 32.000000
30000 32.000000
30100 32.000000
30200 32.000000
30300 32.000000
30400 32.000000
30500 32.000000
30600 32.000000
30700 32.000000
30800 32.000000
30900 32.000000
31000 32.000000
31100 32.000000
31200 32.000000
31300 32.000000
31400 32.000000
31500 32.000000
31600 32.000000
31700 32.000000
31800 32.000000
31900 32.000000
32000 32.000000
32100 32.000000
32200 32.000000
32300 32.000000
32400 32.000000
32500 32.000000
32600 32.000000
32700 32.000000
32800 32.000000
32900 32.000000
33000 32.000000
33100 32.000000
33200 32.000000
33300 32.000000
33400 32.000000
33500 32.000000
33600 32.000000
33700 32.000000
33800 32.000000
33900 32.000000
34000 32.000000
34100 32.000000
34200 32.000000
34300 32.000000
34400 32.000000
34500 32.000000
34600 32.000000
34700 32.000000
34800 32.000000
34900 32.000000
35000 32.000000
35100 32.000000
35200 32.000000
35300 32.000000
35400 32.000000
35500 32.000000
35600 32.000000
35700 32.000000
35800 32.000000
35900 32.000000
36000 32.000000
36100 32.000000
36200 32.000000
36300 32.000000
36400 32.000000
36500 32.000000
36600 32.000000
36700 32.000000
36800 32.000000
36900 32.000000
37000 32.000000
37100 32.000000
37200 32.000000
37300 32.000000
37400 32.000000
37500 32.000000
37600 32.000000
37700 32.000000
37800 32.000000
37900 32.000000
38000 32.000000
38100 32.000000
38200 32.000000
38300 32.000000
38400 32.000000
38500 32.000000
38600 32.000000
38700 32.000000
38800 32.000000
38900 32.000000
39000 32.000000
39100 32.000000
39200 32.000000
39300 32.000000
39400 32.000000
39500 32.000000
39600 32.000000
39700 32.000000
39800 32.000000
39900 32.000000
40000 32.000000
40100 32.000000
40200 32.000000
40300 32.000000
40400 32.000000
40500 32.000000
40600 32.000000
40700 32.000000
40800 32.000000
40900 32.000000
41000 32.000000
41100 32.000000
41200 32.000000
41300 32.000000
41400 32.000000
41500 32.000000
41600 32.000000
41700 32.000000
41800 32.000000
41900 32.000000
42000 32.000000
42100 32.000000
42200 32.000000
42300 32.000000
42400 32.000000
42500 32.000000
42600 32.000000
42700 32.000000
42800 32.000000
42900 32.000000
43000 32.000000
43100 32.000000
43200 32.000000
43300 32.000000
43400 32.000000
43500 32.000000
43600 32.000000
43700 32.000000
43800 32.000000
43900 32.000000
44000 32.000000
44100 32.000000
44200 32.000000
44300 32.000000
44400 32.000000
44500 32.000000
44600 32.000000
44700 32.000000
44800 32.000000
44900 32.000000
45000 32.000000
45100 32.000000
45200 32.000000
45300 32.000000
45400 32.000000
45500 32.000000
45600 32.000000
45700 32.000000
45800 32.000000
45900 32.000000
46000 32.000000
46100 32.000000
46200 32.000000
46300 32.000000
46400 32.000000
46500 32.000000
46600 32.000000
46700 32.000000
46800 32.000000
46900 32.000000
47000 32.000000
47100 32.000000
47200 32.000000
47300 32.000000
47400 32.000000
47500 32.000000
47600 32.000000
47700 32.000000
47800 32.000000
47900 32.000000
48000 32.000000
48100 32.000000
48200 32.000000
48300 32.000000
48400 32.000000
48500 32.000000
48600 32.000000
48700 32.000000
48800 32.000000
48900 32.000000
49000 32.000000
49100 32.000000
49200 32.000000
49300 32.000000
49400 32.000000
49500 32.000000
49600 32.000000
49700 32.000000
49800 32.000000
49900 32.000000
50000 32.000000
50100 32.000000
50200 32.000000
50300 32.000000
50400 32.000000
50500 32.000000
50600 32.000000
50700 32.000000
50800 32.000000
50900 32.000000
51000 32.000000
51100 32.000000
51200 32.000000
51300 32.000000
51400 32.000000
51500 32.000000
51600 32.000000
51700 32.000000
51800 32.000000
51900 32.000000
52000 32.000000
52100 32.000000
52200 32.000000
52300 32.000000
52400 32.000000
52500 32.000000
52600 32.000000
52700 32.000000
52800 32.000000
52900 32.000000
53000 32.000000
53100 32.000000
53200 32.000000
53300 32.000000
53400 32.000000
53500 32.000000
53600 32.000000
53700 32.000000
53800 32.000000
53900 32.000000
54000 32.000000
54100 32.000000
54200 32.000000
54300 32.000000
54400 32.000000
54500 32.000000
54600 32.000000
54700 32.000000
54800 32.000000
54900 32.000000
55000 32.000000
55100 32.000000
55200 32.000000
55300 32.000000
55400 32.000000
55500 32.000000
55600 32.000000
55700 32.000000
55800 32.000000
55900 32.000000
56000 32.000000
56100 32.000000
56200 32.000000
56300 32.000000
56400 32.000000
56500 32.000000
56600 32.000000
56700 32.000000
56800 32.000000
56900 32.000000
57000 32.000000
57100 32.000000
57200 32.000000
57300 32.000000
57400 32.000000
57500 32.000000
57600 32.000000
57700 32.000000
57800 32.000000
57900 32.000000
58000 32.000000
58100 32.000000
58200 32.000000
58300 32.000000
58400 32.000000
58500 32.000000
58600 32.000000
58700 32.000000
58800 32.000000
58900 32.000000
59000 32.000000
59100 32.000000
59200 32.000000
59300 32.000000
59400 32.000000
59500 32.000000
59600 32.000000
59700 32.000000
59800 32.000000
59900 32.000000
60000 32.000000
60100 32.000000
60200 32.000000
60300 32.000000
60400 32.000000
60500 32.000000
60600 32.000000
60700 32.000000
60800 32.000000
60900 32.000000
61000 32.000000
61100 32.000000
61200 32.000000
61300 32.000000
61400 32.000000
61500 32.000000
61600 32.000000
61700 32.000000
61800 32.000000
61900 32.000000
62000 32.000000
62100 32.000000
62200 32.000000
62300 32.000000
62400 32.000000
62500 32.000000
62600 32.000000
62700 32.000000
62800 32.000000
62900 32.000000
63000 32.000000
63100 32.000000
63200 32.000000
63300 32.000000
63400 32.000000
63500 32.000000
63600 32.000000
63700 32.000000
63800 32.000000
63900 32.000000
64000 32.000000
64100 32.000000
64200 32.000000
64300 32.000000
64400 32.000000
64500 32.000000
64600 32.000000
64700 32.000000
64800 32.000000
64900 32.000000
65000 32.000000
65100 32.000000
65200 32.000000
65300 32.000000
65400 32.000000
65500 32.000000
65600 32.000000
65700 32.000000
65800 32.000000
65900 32.000000
66000 32.000000
66100 32.000000
66200 32.000000
66300 32.000000
66400 32.000000
66500 32.000000
66600 32.000000
66700 32.000000
66800 32.000000
66900 32.000000
67000 32.000000
67100 32.000000
67200 32.000000
67300 32.000000
67400 32.000000
67500 32.000000
67600 32.000000
67700 32.000000
67800 32.000000
67900 32.000000
68000 32.000000
68100 32.000000
68200 32.000000
68300 32.000000
68400 32.000000
68500 32.000000
68600 32.000000
68700 32.000000
68800 32.000000
68900 32.000000
69000 32.000000
69100 32.000000
69200 32.000000
69300 32.000000
69400 32.000000
69500 32.000000
69600 32.000000
69700 32.000000
69800 32.000000
69900 32.000000
70000 32.000000
70100 32.000000
70200 32.000000
70300 32.000000
70400 32.000000
70500 32.000000
70600 32.000000
70700 32.000000
70800 32.000000
70900 32.000000
71000 32.000000
71100 32.000000
71200 32.000000
71300 32.000000
71400 32.000000
71500 32.000000
71600 32.000000
71700 32.000000
71800 32.000000
71900 32.000000
72000 32.000000
72100 32.000000
72200 32.000000
72300 32.000000
72400 32.000000
72500 32.000000
72600 32.000000
72700 32.000000
72800 32.000000
72900 32.000000
73000 32.000000
73100 32.000000
73200 32.000000
73300 32.000000
73400 32.000000
73500 32.000000
73600 32.000000
73700 32.000000
73800 32.000000
73900 32.000000
74000 32.000000
74100 32.000000
74200 32.000000
74300 32.000000
74400 32.000000
74500 32.000000
74600 32.000000
74700 32.000000
74800 32.000000
74900 32.000000
75000 32.000000
75100 32.000000
75200 32.000000
75300 32.000000
75400 32.000000
75500 32.000000
75600 32.000000
75700 32.000000
75800 32.000000
75900 32.000000
76000 32.000000
76100 32.000000
76200 32.000000
76300 32.000000
76400 32.000000
76500 32.000000
76600 32.000000
76700 32.000000
76800 32.000000
76900 32.000000
77000 32.000000
77100 32.000000
77200 32.000000
77300 32.000000
77400 32.000000
77500 32.000000
77600 32.000000
77700 32.000000
77800 32.000000
77900 32.000000
78000 32.000000
78100 32.000000
78200 32.000000
78300 32.000000
78400 32.000000
78500 32.000000
78600 32.000000
78700 32.000000
78800 32.000000
78900 32.000000
79000 32.000000
79100 32.000000
79200 32.000000
79300 32.000000
79400 32.000000
79500 32.000000
79600 32.000000
79700 32.000000
79800 32.000000
79900 32.000000
80000 32.000000
80100 32.000000
80200 32.000000
80300 32.000000
80400 32.000000
80500 32.000000
80600 32.000000
80700 32.000000
80800 32.000000
80900 32.000000
81000 32.000000
81100 32.000000
81200 32.000000
81300 32.000000
81400 32.000000
81500 32.000000
81600 32.000000
81700 32.000000
81800 32.000000
81900 32.000000
82000 32.000000
82100 32.000000
82200 32.000000
82300 32.000000
82400 32.000000
82500 32.000000
82600 32.000000
82700 32.000000
82800 32.000000
82900 32.000000
83000 32.000000
83100 32.000000
83200 32.000000
83300 32.000000
83400 32.000000
83500 32.000000
83600 32.000000
83700 32.000000
83800 32.000000
83900 32.000000
84000 32.000000
84100 32.000000
84200 32.000000
84300 32.000000
84400 32.000000
84500 32.000000
84600 32.000000
84700 32.000000
84800 32.000000
84900 32.000000
85000 32.000000
85100 32.000000
85200 32.000000
85300 32.000000
85400 32.000000
85500 32.000000
85600 32.000000
85700 32.000000
85800 32.000000
85900 32.000000
86000 32.000000
86100 32.000000
86200 32.000000
86300 32.000000
86400 32.000000
86500 32.000000
86600 32.000000
86700 32.000000
86800 32.000000
86900 32.000000
87000 32.000000
87100 32.000000
87200 32.000000
87300 32.000000
87400 32.000000
87500 32.000000
87600 32.000000
87700 32.000000
87800 32.000000
87900 32.000000
88000 32.000000
88100 32.000000
88200 32.000000
88300 32.000000
88400 32.000000
88500 32.000000
88600 32.000000
88700 32.000000
88800 32.000000
88900 32.000000
89000 32.000000
89100 32.000000
89200 32.000000
89300 32.000000
89400 32.000000
89500 32.000000
89600 32.000000
89700 32.000000
89800 32.000000
89900 32.000000
90000 32.000000
90100 32.000000
90200 32.000000
90300 32.000000
90400 32.000000
90500 32.000000
90600 32.000000
90700 32.000000
90800 32.000000
90900 32.000000
91000 32.000000
91100 32.000000
91200 32.000000
91300 32.000000
91400 32.000000
91500 32.000000
91600 32.000000
91700 32.000000
91800 32.000000
91900 32.000000
92000 32.000000
92100 32.000000
92200 32.000000
92300 32.000000
92400 32.000000
92500 32.000000
92600 32.000000
92700 32.000000
92800 32.000000
92900 32.000000
93000 32.000000
93100 32.000000
93200 32.000000
93300 32.000000
93400 32.000000
93500 32.000000
93600 32.000000
93700 32.000000
93800 32.000000
93900 32.000000
94000 32.000000
94100 32.000000
94200 32.000000
94300 32.000000
94400 32.000000
94500 32.000000
94600 32.000000
94700 32.000000
94800 32.000000
94900 32.000000
95000 32.000000
95100 32.000000
95200 32.000000
95300 32.000000
95400 32.000000
95500 32.000000
95600 32.000000
95700 32.000000
95800 32.000000
95900 32.000000
96000 32.000000
96100 32.000000
96200 32.000000
96300 32.000000
96400 32.000000
96500 32.000000
96600 32.000000
96700 32.000000
96800 32.000000
96900 32.000000
97000 32.000000
97100 32.000000
97200 32.000000
97300 32.000000
97400 32.000000
97500 32.000000
97600 32.000000
97700 32.000000
97800 32.000000
97900 32.000000
98000 32.000000
98100 32.000000
98200 32.000000
98300 32.000000
98400 32.000000
98500 32.000000
98600 32.000000
98700 32.000000
98800 32.000000
98900 32.000000
99000 32.000000
99100 32.000000
99200 32.000000
99300 32.000000
99400 32.000000
99500 32.000000
99600 32.000000
99700 32.000000
99800 32.000000
99900 32.000000

real	15m35.434s
user	3m39.901s
sys	0m29.970s
<<<<>>>>
Continuos
sunaBin: src/environments/gym-uds/gym-uds.cc:49: gym_uds::state_t gym_uds::EnvironmentClient::step(const action_t&): Assertion `status.ok()' failed.
