nohup: ignoring input
--------------------------------
About to run:  MountainCar-v0  at  Tue Apr 23 03:54:50 UTC 2019
Server Job number:  1144
Run  1
Discrete
Environment: MountainCar-v0
0 -200.000000
100 -160.000000
200 -164.000000
300 -131.000000
400 -126.000000
500 -157.000000
600 -157.000000
700 -157.000000
800 -129.000000
900 -121.000000
1000 -123.000000
1100 -123.000000
1200 -102.000000
1300 -116.000000
1400 -120.000000
1500 -121.000000
1600 -122.000000
1700 -126.000000
1800 -129.000000
1900 -122.000000
2000 -122.000000
2100 -119.000000
2200 -123.000000
2300 -123.000000
2400 -121.000000
2500 -122.000000
2600 -123.000000
2700 -122.000000
2800 -120.000000
2900 -123.000000
3000 -126.000000
3100 -122.000000
3200 -120.000000
3300 -116.000000
3400 -123.000000
3500 -96.000000
3600 -126.000000
3700 -126.000000
3800 -123.000000
3900 -122.000000
4000 -122.000000
4100 -119.000000
4200 -122.000000
4300 -120.000000
4400 -118.000000
4500 -95.000000
4600 -171.000000
4700 -121.000000
4800 -120.000000
4900 -120.000000
5000 -123.000000
5100 -123.000000
5200 -125.000000
5300 -121.000000
5400 -96.000000
5500 -124.000000
5600 -120.000000
5700 -123.000000
5800 -120.000000
5900 -124.000000
6000 -120.000000
6100 -94.000000
6200 -119.000000
6300 -129.000000
6400 -121.000000
6500 -129.000000
6600 -130.000000
6700 -129.000000
6800 -121.000000
6900 -128.000000
7000 -123.000000
7100 -122.000000
7200 -131.000000
7300 -130.000000
7400 -130.000000
7500 -130.000000
7600 -121.000000
7700 -117.000000
7800 -95.000000
7900 -118.000000
8000 -96.000000
8100 -119.000000
8200 -123.000000
8300 -129.000000
8400 -120.000000
8500 -121.000000
8600 -85.000000
8700 -122.000000
8800 -122.000000
8900 -113.000000
9000 -121.000000
9100 -119.000000
9200 -121.000000
9300 -121.000000
9400 -120.000000
9500 -118.000000
9600 -119.000000
9700 -122.000000
9800 -120.000000
9900 -123.000000

real	11m18.021s
user	1m55.764s
sys	0m23.998s
<<<<>>>>
Continuos
./runTests.sh: line 16: ./suna: Is a directory

real	0m0.000s
user	0m0.000s
sys	0m0.000s
********
Run  2
Discrete
Environment: MountainCar-v0
0 -200.000000
100 -200.000000
200 -159.000000
300 -200.000000
400 -123.000000
500 -125.000000
600 -125.000000
700 -200.000000
800 -127.000000
900 -128.000000
1000 -124.000000
1100 -129.000000
1200 -126.000000
1300 -119.000000
1400 -126.000000
1500 -123.000000
1600 -124.000000
1700 -129.000000
1800 -126.000000
1900 -126.000000
2000 -130.000000
2100 -125.000000
2200 -122.000000
2300 -200.000000
2400 -147.000000
2500 -138.000000
2600 -200.000000
2700 -200.000000
2800 -136.000000
2900 -200.000000
3000 -200.000000
3100 -200.000000
3200 -200.000000
3300 -200.000000
3400 -200.000000
3500 -200.000000
3600 -129.000000
3700 -122.000000
3800 -121.000000
3900 -120.000000
4000 -95.000000
4100 -122.000000
4200 -123.000000
4300 -120.000000
4400 -119.000000
4500 -120.000000
4600 -122.000000
4700 -120.000000
4800 -119.000000
4900 -121.000000
5000 -120.000000
5100 -119.000000
5200 -123.000000
5300 -124.000000
5400 -121.000000
5500 -122.000000
5600 -130.000000
5700 -120.000000
5800 -125.000000
5900 -92.000000
6000 -101.000000
6100 -102.000000
6200 -92.000000
6300 -124.000000
6400 -119.000000
6500 -127.000000
6600 -118.000000
6700 -121.000000
6800 -120.000000
6900 -119.000000
7000 -118.000000
7100 -120.000000
7200 -123.000000
7300 -116.000000
7400 -123.000000
7500 -117.000000
7600 -127.000000
7700 -131.000000
7800 -125.000000
7900 -131.000000
8000 -132.000000
8100 -119.000000
8200 -122.000000
8300 -200.000000
8400 -200.000000
8500 -200.000000
8600 -183.000000
8700 -158.000000
8800 -127.000000
8900 -120.000000
9000 -119.000000
9100 -120.000000
9200 -128.000000
9300 -87.000000
9400 -90.000000
9500 -128.000000
9600 -141.000000
9700 -164.000000
9800 -104.000000
9900 -128.000000

real	11m27.712s
user	1m57.635s
sys	0m23.686s
<<<<>>>>
Continuos
./runTests.sh: line 16: ./suna: Is a directory

real	0m0.000s
user	0m0.000s
sys	0m0.000s
********
Run  3
Discrete
Environment: MountainCar-v0
0 -200.000000
100 -130.000000
200 -175.000000
300 -200.000000
400 -121.000000
500 -92.000000
600 -130.000000
700 -136.000000
800 -122.000000
900 -122.000000
1000 -123.000000
1100 -122.000000
1200 -123.000000
1300 -89.000000
1400 -128.000000
1500 -88.000000
1600 -102.000000
1700 -96.000000
1800 -119.000000
1900 -87.000000
2000 -120.000000
2100 -121.000000
2200 -128.000000
2300 -124.000000
2400 -123.000000
2500 -196.000000
2600 -125.000000
2700 -200.000000
2800 -200.000000
2900 -200.000000
3000 -200.000000
3100 -200.000000
3200 -200.000000
3300 -200.000000
3400 -179.000000
3500 -139.000000
3600 -164.000000
3700 -169.000000
3800 -163.000000
3900 -138.000000
4000 -124.000000
4100 -123.000000
4200 -119.000000
4300 -121.000000
4400 -119.000000
4500 -119.000000
4600 -124.000000
4700 -121.000000
4800 -121.000000
4900 -123.000000
5000 -119.000000
5100 -122.000000
5200 -97.000000
5300 -89.000000
5400 -117.000000
5500 -119.000000
5600 -126.000000
5700 -95.000000
5800 -93.000000
5900 -130.000000
6000 -92.000000
6100 -123.000000
6200 -124.000000
6300 -125.000000
6400 -122.000000
6500 -126.000000
6600 -122.000000
6700 -122.000000
6800 -121.000000
6900 -117.000000
7000 -122.000000
7100 -124.000000
7200 -120.000000
7300 -123.000000
7400 -123.000000
7500 -122.000000
7600 -123.000000
7700 -117.000000
7800 -121.000000
7900 -121.000000
8000 -122.000000
8100 -120.000000
8200 -122.000000
8300 -117.000000
8400 -120.000000
8500 -128.000000
8600 -120.000000
8700 -120.000000
8800 -119.000000
8900 -119.000000
9000 -120.000000
9100 -124.000000
9200 -122.000000
9300 -123.000000
9400 -120.000000
9500 -122.000000
9600 -120.000000
9700 -123.000000
9800 -120.000000
9900 -120.000000

real	11m22.526s
user	1m56.293s
sys	0m24.206s
<<<<>>>>
Continuos
./runTests.sh: line 16: ./suna: Is a directory

real	0m0.000s
user	0m0.000s
sys	0m0.000s
********
Run  4
Discrete
Environment: MountainCar-v0
0 -200.000000
100 -200.000000
200 -200.000000
300 -128.000000
400 -163.000000
500 -129.000000
600 -120.000000
700 -92.000000
800 -124.000000
900 -121.000000
1000 -88.000000
1100 -128.000000
1200 -121.000000
1300 -123.000000
1400 -95.000000
1500 -121.000000
1600 -124.000000
1700 -127.000000
1800 -125.000000
1900 -92.000000
2000 -91.000000
2100 -93.000000
2200 -90.000000
2300 -129.000000
2400 -126.000000
2500 -127.000000
2600 -123.000000
2700 -128.000000
2800 -124.000000
2900 -122.000000
3000 -119.000000
3100 -117.000000
3200 -118.000000
3300 -115.000000
3400 -122.000000
3500 -123.000000
3600 -122.000000
3700 -118.000000
3800 -117.000000
3900 -121.000000
4000 -121.000000
4100 -120.000000
4200 -121.000000
4300 -123.000000
4400 -119.000000
4500 -121.000000
4600 -119.000000
4700 -119.000000
4800 -120.000000
4900 -122.000000
5000 -122.000000
5100 -123.000000
5200 -123.000000
5300 -120.000000
5400 -122.000000
5500 -122.000000
5600 -121.000000
5700 -123.000000
5800 -122.000000
5900 -122.000000
6000 -123.000000
6100 -123.000000
6200 -125.000000
6300 -125.000000
6400 -123.000000
6500 -121.000000
6600 -123.000000
6700 -116.000000
6800 -122.000000
6900 -123.000000
7000 -128.000000
7100 -122.000000
7200 -123.000000
7300 -120.000000
7400 -119.000000
7500 -124.000000
7600 -120.000000
7700 -123.000000
7800 -120.000000
7900 -123.000000
8000 -120.000000
8100 -122.000000
8200 -119.000000
8300 -129.000000
8400 -123.000000
8500 -122.000000
8600 -88.000000
8700 -123.000000
8800 -119.000000
8900 -120.000000
9000 -96.000000
9100 -120.000000
9200 -124.000000
9300 -120.000000
9400 -122.000000
9500 -120.000000
9600 -119.000000
9700 -119.000000
9800 -123.000000
9900 -119.000000

real	11m18.832s
user	1m56.687s
sys	0m23.471s
<<<<>>>>
Continuos
./runTests.sh: line 16: ./suna: Is a directory

real	0m0.000s
user	0m0.000s
sys	0m0.000s
********
Run  5
Discrete
Environment: MountainCar-v0
0 -200.000000
100 -200.000000
200 -165.000000
300 -121.000000
400 -129.000000
500 -200.000000
600 -126.000000
700 -127.000000
800 -126.000000
900 -120.000000
1000 -121.000000
1100 -200.000000
1200 -200.000000
1300 -200.000000
1400 -198.000000
1500 -126.000000
1600 -200.000000
1700 -120.000000
1800 -125.000000
1900 -125.000000
2000 -120.000000
2100 -124.000000
2200 -126.000000
2300 -122.000000
2400 -122.000000
2500 -119.000000
2600 -124.000000
2700 -127.000000
2800 -122.000000
2900 -128.000000
3000 -200.000000
3100 -200.000000
3200 -200.000000
3300 -122.000000
3400 -120.000000
3500 -120.000000
3600 -124.000000
3700 -123.000000
3800 -122.000000
3900 -122.000000
4000 -122.000000
4100 -121.000000
4200 -128.000000
4300 -120.000000
4400 -120.000000
4500 -120.000000
4600 -128.000000
4700 -121.000000
4800 -120.000000
4900 -123.000000
5000 -124.000000
5100 -125.000000
5200 -119.000000
5300 -121.000000
5400 -130.000000
5500 -118.000000
5600 -127.000000
5700 -93.000000
5800 -121.000000
5900 -95.000000
6000 -127.000000
6100 -124.000000
6200 -124.000000
6300 -125.000000
6400 -128.000000
6500 -117.000000
6600 -124.000000
6700 -125.000000
6800 -120.000000
6900 -123.000000
7000 -117.000000
7100 -128.000000
7200 -88.000000
7300 -91.000000
7400 -123.000000
7500 -124.000000
7600 -122.000000
7700 -122.000000
7800 -119.000000
7900 -117.000000
8000 -119.000000
8100 -124.000000
8200 -124.000000
8300 -117.000000
8400 -119.000000
8500 -117.000000
8600 -127.000000
8700 -121.000000
8800 -122.000000
8900 -117.000000
9000 -120.000000
9100 -97.000000
9200 -120.000000
9300 -122.000000
9400 -122.000000
9500 -120.000000
9600 -119.000000
9700 -119.000000
9800 -120.000000
9900 -120.000000

real	11m25.048s
user	1m56.503s
sys	0m24.870s
<<<<>>>>
Continuos
./runTests.sh: line 16: ./suna: Is a directory

real	0m0.000s
user	0m0.000s
sys	0m0.000s
********
Run  6
Discrete
Environment: MountainCar-v0
0 -200.000000
100 -200.000000
200 -200.000000
300 -200.000000
400 -129.000000
500 -120.000000
600 -123.000000
700 -95.000000
800 -119.000000
900 -86.000000
1000 -122.000000
1100 -120.000000
1200 -128.000000
1300 -103.000000
1400 -120.000000
1500 -119.000000
1600 -120.000000
1700 -120.000000
1800 -120.000000
1900 -117.000000
2000 -119.000000
2100 -116.000000
2200 -120.000000
2300 -118.000000
2400 -121.000000
2500 -122.000000
2600 -120.000000
2700 -117.000000
2800 -113.000000
2900 -122.000000
3000 -120.000000
3100 -120.000000
3200 -120.000000
3300 -119.000000
3400 -118.000000
3500 -120.000000
3600 -121.000000
3700 -123.000000
3800 -122.000000
3900 -119.000000
4000 -117.000000
4100 -120.000000
4200 -119.000000
4300 -120.000000
4400 -119.000000
4500 -119.000000
4600 -120.000000
4700 -120.000000
4800 -116.000000
4900 -119.000000
5000 -103.000000
5100 -117.000000
5200 -93.000000
5300 -122.000000
5400 -94.000000
5500 -120.000000
5600 -92.000000
5700 -119.000000
5800 -122.000000
5900 -120.000000
6000 -90.000000
6100 -102.000000
6200 -120.000000
6300 -120.000000
6400 -119.000000
6500 -120.000000
6600 -122.000000
6700 -119.000000
6800 -120.000000
6900 -120.000000
7000 -119.000000
7100 -120.000000
7200 -120.000000
7300 -121.000000
7400 -120.000000
7500 -119.000000
7600 -119.000000
7700 -119.000000
7800 -119.000000
7900 -119.000000
8000 -120.000000
8100 -120.000000
8200 -120.000000
8300 -120.000000
8400 -120.000000
8500 -120.000000
8600 -120.000000
8700 -119.000000
8800 -120.000000
8900 -119.000000
9000 -120.000000
9100 -119.000000
9200 -120.000000
9300 -120.000000
9400 -119.000000
9500 -120.000000
9600 -120.000000
9700 -120.000000
9800 -119.000000
9900 -119.000000

real	11m1.527s
user	1m54.583s
sys	0m23.167s
<<<<>>>>
Continuos
./runTests.sh: line 16: ./suna: Is a directory

real	0m0.000s
user	0m0.000s
sys	0m0.000s
********
Run  7
Discrete
Environment: MountainCar-v0
0 -200.000000
100 -200.000000
200 -200.000000
300 -131.000000
400 -127.000000
500 -122.000000
600 -127.000000
700 -120.000000
800 -123.000000
900 -129.000000
1000 -123.000000
1100 -121.000000
1200 -128.000000
1300 -86.000000
1400 -125.000000
1500 -122.000000
1600 -124.000000
1700 -94.000000
1800 -117.000000
1900 -122.000000
2000 -122.000000
2100 -117.000000
2200 -121.000000
2300 -120.000000
2400 -121.000000
2500 -120.000000
2600 -120.000000
2700 -120.000000
2800 -124.000000
2900 -122.000000
3000 -122.000000
3100 -120.000000
3200 -122.000000
3300 -120.000000
3400 -106.000000
3500 -120.000000
3600 -95.000000
3700 -120.000000
3800 -120.000000
3900 -119.000000
4000 -119.000000
4100 -119.000000
4200 -91.000000
4300 -119.000000
4400 -120.000000
4500 -120.000000
4600 -99.000000
4700 -119.000000
4800 -119.000000
4900 -120.000000
5000 -119.000000
5100 -117.000000
5200 -87.000000
5300 -120.000000
5400 -86.000000
5500 -101.000000
5600 -115.000000
5700 -119.000000
5800 -116.000000
5900 -120.000000
6000 -120.000000
6100 -118.000000
6200 -120.000000
6300 -120.000000
6400 -119.000000
6500 -118.000000
6600 -119.000000
6700 -120.000000
6800 -116.000000
6900 -120.000000
7000 -122.000000
7100 -118.000000
7200 -120.000000
7300 -120.000000
7400 -120.000000
7500 -122.000000
7600 -120.000000
7700 -120.000000
7800 -123.000000
7900 -122.000000
8000 -120.000000
8100 -126.000000
8200 -122.000000
8300 -120.000000
8400 -129.000000
8500 -122.000000
8600 -122.000000
8700 -123.000000
8800 -121.000000
8900 -200.000000
9000 -127.000000
9100 -140.000000
9200 -200.000000
9300 -123.000000
9400 -122.000000
9500 -122.000000
9600 -125.000000
9700 -123.000000
9800 -122.000000
9900 -124.000000

real	11m13.880s
user	1m55.668s
sys	0m24.668s
<<<<>>>>
Continuos
./runTests.sh: line 16: ./suna: Is a directory

real	0m0.000s
user	0m0.000s
sys	0m0.000s
********
Run  8
Discrete
Environment: MountainCar-v0
0 -200.000000
100 -129.000000
200 -121.000000
300 -120.000000
400 -122.000000
500 -124.000000
600 -123.000000
700 -120.000000
800 -120.000000
900 -123.000000
1000 -119.000000
1100 -120.000000
1200 -119.000000
1300 -122.000000
1400 -120.000000
1500 -104.000000
1600 -124.000000
1700 -103.000000
1800 -121.000000
1900 -128.000000
2000 -119.000000
2100 -122.000000
2200 -123.000000
2300 -122.000000
2400 -129.000000
2500 -118.000000
2600 -117.000000
2700 -123.000000
2800 -128.000000
2900 -139.000000
3000 -119.000000
3100 -94.000000
3200 -124.000000
3300 -120.000000
3400 -123.000000
3500 -118.000000
3600 -119.000000
3700 -121.000000
3800 -121.000000
3900 -120.000000
4000 -124.000000
4100 -128.000000
4200 -98.000000
4300 -123.000000
4400 -122.000000
4500 -123.000000
4600 -130.000000
4700 -88.000000
4800 -122.000000
4900 -122.000000
5000 -120.000000
5100 -122.000000
5200 -119.000000
5300 -121.000000
5400 -128.000000
5500 -123.000000
5600 -120.000000
5700 -122.000000
5800 -120.000000
5900 -122.000000
6000 -127.000000
6100 -123.000000
6200 -119.000000
6300 -120.000000
6400 -120.000000
6500 -120.000000
6600 -92.000000
6700 -165.000000
6800 -128.000000
6900 -120.000000
7000 -120.000000
7100 -120.000000
7200 -122.000000
7300 -120.000000
7400 -129.000000
7500 -120.000000
7600 -127.000000
7700 -120.000000
7800 -119.000000
7900 -125.000000
8000 -121.000000
8100 -121.000000
8200 -131.000000
8300 -121.000000
8400 -119.000000
8500 -113.000000
8600 -128.000000
8700 -122.000000
8800 -122.000000
8900 -120.000000
9000 -200.000000
9100 -129.000000
9200 -120.000000
9300 -120.000000
9400 -122.000000
9500 -120.000000
9600 -92.000000
9700 -123.000000
9800 -120.000000
9900 -137.000000

real	11m25.098s
user	1m59.080s
sys	0m24.350s
<<<<>>>>
Continuos
./runTests.sh: line 16: ./suna: Is a directory

real	0m0.000s
user	0m0.000s
sys	0m0.000s
********
Run  9
Discrete
Environment: MountainCar-v0
0 -200.000000
100 -97.000000
200 -178.000000
300 -92.000000
400 -106.000000
500 -89.000000
600 -87.000000
700 -121.000000
800 -124.000000
900 -119.000000
1000 -121.000000
1100 -121.000000
1200 -116.000000
1300 -119.000000
1400 -117.000000
1500 -121.000000
1600 -120.000000
1700 -120.000000
1800 -117.000000
1900 -99.000000
2000 -100.000000
2100 -120.000000
2200 -99.000000
2300 -120.000000
2400 -116.000000
2500 -93.000000
2600 -119.000000
2700 -122.000000
2800 -119.000000
2900 -120.000000
3000 -119.000000
3100 -119.000000
3200 -120.000000
3300 -120.000000
3400 -119.000000
3500 -119.000000
3600 -116.000000
3700 -122.000000
3800 -122.000000
3900 -120.000000
4000 -123.000000
4100 -123.000000
4200 -119.000000
4300 -122.000000
4400 -120.000000
4500 -120.000000
4600 -120.000000
4700 -110.000000
4800 -91.000000
4900 -121.000000
5000 -91.000000
5100 -119.000000
5200 -119.000000
5300 -120.000000
5400 -119.000000
5500 -119.000000
5600 -119.000000
5700 -121.000000
5800 -120.000000
5900 -119.000000
6000 -123.000000
6100 -119.000000
6200 -121.000000
6300 -122.000000
6400 -123.000000
6500 -120.000000
6600 -120.000000
6700 -120.000000
6800 -119.000000
6900 -119.000000
7000 -119.000000
7100 -119.000000
7200 -120.000000
7300 -119.000000
7400 -120.000000
7500 -120.000000
7600 -120.000000
7700 -119.000000
7800 -119.000000
7900 -120.000000
8000 -119.000000
8100 -113.000000
8200 -89.000000
8300 -116.000000
8400 -119.000000
8500 -119.000000
8600 -120.000000
8700 -120.000000
8800 -117.000000
8900 -124.000000
9000 -119.000000
9100 -119.000000
9200 -119.000000
9300 -123.000000
9400 -119.000000
9500 -120.000000
9600 -120.000000
9700 -122.000000
9800 -123.000000
9900 -119.000000

real	11m6.289s
user	1m55.033s
sys	0m23.527s
<<<<>>>>
Continuos
./runTests.sh: line 16: ./suna: Is a directory

real	0m0.000s
user	0m0.000s
sys	0m0.000s
********
Run  10
Discrete
Environment: MountainCar-v0
0 -200.000000
100 -90.000000
200 -169.000000
300 -136.000000
400 -125.000000
500 -133.000000
600 -122.000000
700 -89.000000
800 -128.000000
900 -124.000000
1000 -95.000000
1100 -87.000000
1200 -87.000000
1300 -121.000000
1400 -120.000000
1500 -120.000000
1600 -119.000000
1700 -117.000000
1800 -123.000000
1900 -122.000000
2000 -119.000000
2100 -122.000000
2200 -116.000000
2300 -121.000000
2400 -120.000000
2500 -122.000000
2600 -120.000000
2700 -122.000000
2800 -119.000000
2900 -119.000000
3000 -120.000000
3100 -122.000000
3200 -119.000000
3300 -119.000000
3400 -121.000000
3500 -119.000000
3600 -122.000000
3700 -120.000000
3800 -122.000000
3900 -124.000000
4000 -121.000000
4100 -118.000000
4200 -119.000000
4300 -122.000000
4400 -120.000000
4500 -120.000000
4600 -118.000000
4700 -123.000000
4800 -118.000000
4900 -120.000000
5000 -121.000000
5100 -121.000000
5200 -121.000000
5300 -121.000000
5400 -130.000000
5500 -122.000000
5600 -91.000000
5700 -120.000000
5800 -103.000000
5900 -90.000000
6000 -97.000000
6100 -121.000000
6200 -122.000000
6300 -123.000000
6400 -121.000000
6500 -92.000000
6600 -117.000000
6700 -120.000000
6800 -121.000000
6900 -120.000000
7000 -101.000000
7100 -120.000000
7200 -119.000000
7300 -94.000000
7400 -120.000000
7500 -127.000000
7600 -121.000000
7700 -123.000000
7800 -124.000000
7900 -120.000000
8000 -120.000000
8100 -120.000000
8200 -119.000000
8300 -123.000000
8400 -119.000000
8500 -122.000000
8600 -121.000000
8700 -128.000000
8800 -120.000000
8900 -105.000000
9000 -88.000000
9100 -95.000000
9200 -120.000000
9300 -120.000000
9400 -95.000000
9500 -121.000000
9600 -124.000000
9700 -122.000000
9800 -119.000000
9900 -122.000000

real	11m10.365s
user	1m55.438s
sys	0m23.868s
<<<<>>>>
Continuos
./runTests.sh: line 16: ./suna: Is a directory

real	0m0.000s
user	0m0.000s
sys	0m0.000s
********
Killed:  1144
About to start a new gym environment
./runTests.sh: line 34: ne: command not found
