nohup: ignoring input
--------------------------------
About to run:  MountainCar-v0  at  Tue Apr 23 05:57:14 UTC 2019
Server Job number:  1745
Run  1
Discrete
Continuos
Environment: MountainCar-v0
0 -200.000000
100 -200.000000
200 -97.000000
300 -98.000000
400 -84.000000
500 -200.000000
600 -200.000000
700 -200.000000
800 -101.000000
900 -200.000000
1000 -200.000000
1100 -200.000000
1200 -200.000000
1300 -200.000000
1400 -174.000000
1500 -97.000000
1600 -200.000000
1700 -84.000000
1800 -200.000000
1900 -84.000000
2000 -96.000000
2100 -102.000000
2200 -86.000000
2300 -200.000000
2400 -97.000000
2500 -95.000000
2600 -85.000000
2700 -92.000000
2800 -90.000000
2900 -83.000000
3000 -83.000000
3100 -87.000000
3200 -92.000000
3300 -93.000000
3400 -99.000000
3500 -86.000000
3600 -90.000000
3700 -84.000000
3800 -140.000000
3900 -140.000000
4000 -85.000000
4100 -90.000000
4200 -141.000000
4300 -94.000000
4400 -84.000000
4500 -85.000000
4600 -87.000000
4700 -83.000000
4800 -83.000000
4900 -107.000000
5000 -85.000000
5100 -89.000000
5200 -90.000000
5300 -85.000000
5400 -85.000000
5500 -87.000000
5600 -85.000000
5700 -86.000000
5800 -88.000000
5900 -112.000000
6000 -94.000000
6100 -84.000000
6200 -97.000000
6300 -97.000000
6400 -92.000000
6500 -89.000000
6600 -95.000000
6700 -91.000000
6800 -90.000000
6900 -95.000000
7000 -85.000000
7100 -86.000000
7200 -88.000000
7300 -89.000000
7400 -103.000000
7500 -98.000000
7600 -89.000000
7700 -122.000000
7800 -95.000000
7900 -108.000000
8000 -108.000000
8100 -84.000000
8200 -111.000000
8300 -91.000000
8400 -108.000000
8500 -91.000000
8600 -98.000000
8700 -94.000000
8800 -91.000000
8900 -94.000000
9000 -99.000000
9100 -95.000000
9200 -90.000000
9300 -88.000000
9400 -87.000000
9500 -88.000000
9600 -87.000000
9700 -85.000000
9800 -84.000000
9900 -89.000000

real	11m20.690s
user	1m57.272s
sys	0m23.396s
********
Run  2
Discrete
Continuos
Environment: MountainCar-v0
0 -200.000000
100 -200.000000
200 -176.000000
300 -119.000000
400 -169.000000
500 -91.000000
600 -93.000000
700 -84.000000
800 -88.000000
900 -103.000000
1000 -170.000000
1100 -97.000000
1200 -83.000000
1300 -102.000000
1400 -89.000000
1500 -88.000000
1600 -89.000000
1700 -88.000000
1800 -87.000000
1900 -86.000000
2000 -85.000000
2100 -85.000000
2200 -87.000000
2300 -87.000000
2400 -89.000000
2500 -92.000000
2600 -97.000000
2700 -92.000000
2800 -87.000000
2900 -90.000000
3000 -90.000000
3100 -111.000000
3200 -90.000000
3300 -95.000000
3400 -91.000000
3500 -118.000000
3600 -90.000000
3700 -92.000000
3800 -87.000000
3900 -86.000000
4000 -86.000000
4100 -91.000000
4200 -93.000000
4300 -89.000000
4400 -91.000000
4500 -97.000000
4600 -93.000000
4700 -89.000000
4800 -95.000000
4900 -94.000000
5000 -89.000000
5100 -86.000000
5200 -85.000000
5300 -86.000000
5400 -94.000000
5500 -154.000000
5600 -92.000000
5700 -112.000000
5800 -171.000000
5900 -97.000000
6000 -93.000000
6100 -84.000000
6200 -98.000000
6300 -90.000000
6400 -84.000000
6500 -93.000000
6600 -93.000000
6700 -85.000000
6800 -93.000000
6900 -96.000000
7000 -94.000000
7100 -100.000000
7200 -95.000000
7300 -99.000000
7400 -101.000000
7500 -91.000000
7600 -96.000000
7700 -91.000000
7800 -91.000000
7900 -85.000000
8000 -87.000000
8100 -90.000000
8200 -89.000000
8300 -90.000000
8400 -91.000000
8500 -94.000000
8600 -90.000000
8700 -91.000000
8800 -90.000000
8900 -89.000000
9000 -90.000000
9100 -84.000000
9200 -86.000000
9300 -84.000000
9400 -90.000000
9500 -86.000000
9600 -85.000000
9700 -90.000000
9800 -90.000000
9900 -90.000000

real	11m12.160s
user	1m54.716s
sys	0m23.668s
********
Run  3
Discrete
Continuos
Environment: MountainCar-v0
0 -200.000000
100 -200.000000
200 -200.000000
300 -90.000000
400 -87.000000
500 -83.000000
600 -87.000000
700 -84.000000
800 -84.000000
900 -96.000000
1000 -85.000000
1100 -84.000000
1200 -84.000000
1300 -89.000000
1400 -87.000000
1500 -107.000000
1600 -140.000000
1700 -119.000000
1800 -106.000000
1900 -108.000000
2000 -94.000000
2100 -95.000000
2200 -95.000000
2300 -85.000000
2400 -101.000000
2500 -84.000000
2600 -84.000000
2700 -130.000000
2800 -84.000000
2900 -87.000000
3000 -129.000000
3100 -84.000000
3200 -86.000000
3300 -88.000000
3400 -83.000000
3500 -84.000000
3600 -96.000000
3700 -84.000000
3800 -85.000000
3900 -90.000000
4000 -86.000000
4100 -85.000000
4200 -90.000000
4300 -167.000000
4400 -88.000000
4500 -87.000000
4600 -86.000000
4700 -91.000000
4800 -87.000000
4900 -90.000000
5000 -108.000000
5100 -83.000000
5200 -88.000000
5300 -173.000000
5400 -92.000000
5500 -128.000000
5600 -85.000000
5700 -87.000000
5800 -84.000000
5900 -101.000000
6000 -86.000000
6100 -92.000000
6200 -98.000000
6300 -84.000000
6400 -88.000000
6500 -88.000000
6600 -92.000000
6700 -87.000000
6800 -86.000000
6900 -89.000000
7000 -87.000000
7100 -88.000000
7200 -86.000000
7300 -84.000000
7400 -86.000000
7500 -87.000000
7600 -101.000000
7700 -109.000000
7800 -88.000000
7900 -88.000000
8000 -84.000000
8100 -96.000000
8200 -87.000000
8300 -87.000000
8400 -89.000000
8500 -96.000000
8600 -103.000000
8700 -116.000000
8800 -83.000000
8900 -90.000000
9000 -88.000000
9100 -86.000000
9200 -88.000000
9300 -87.000000
9400 -87.000000
9500 -86.000000
9600 -88.000000
9700 -88.000000
9800 -88.000000
9900 -92.000000

real	11m16.026s
user	1m54.936s
sys	0m23.945s
********
Run  4
Discrete
Continuos
Environment: MountainCar-v0
0 -200.000000
100 -125.000000
200 -154.000000
300 -155.000000
400 -142.000000
500 -141.000000
600 -97.000000
700 -139.000000
800 -138.000000
900 -143.000000
1000 -140.000000
1100 -141.000000
1200 -97.000000
1300 -94.000000
1400 -94.000000
1500 -85.000000
1600 -87.000000
1700 -86.000000
1800 -89.000000
1900 -92.000000
2000 -84.000000
2100 -145.000000
2200 -98.000000
2300 -104.000000
2400 -87.000000
2500 -146.000000
2600 -85.000000
2700 -86.000000
2800 -85.000000
2900 -104.000000
3000 -103.000000
3100 -89.000000
3200 -89.000000
3300 -136.000000
3400 -84.000000
3500 -85.000000
3600 -84.000000
3700 -85.000000
3800 -88.000000
3900 -84.000000
4000 -86.000000
4100 -85.000000
4200 -102.000000
4300 -84.000000
4400 -138.000000
4500 -85.000000
4600 -141.000000
4700 -87.000000
4800 -85.000000
4900 -84.000000
5000 -135.000000
5100 -86.000000
5200 -86.000000
5300 -103.000000
5400 -84.000000
5500 -94.000000
5600 -86.000000
5700 -95.000000
5800 -97.000000
5900 -86.000000
6000 -84.000000
6100 -87.000000
6200 -87.000000
6300 -87.000000
6400 -88.000000
6500 -84.000000
6600 -146.000000
6700 -83.000000
6800 -148.000000
6900 -86.000000
7000 -85.000000
7100 -147.000000
7200 -88.000000
7300 -91.000000
7400 -84.000000
7500 -83.000000
7600 -84.000000
7700 -89.000000
7800 -85.000000
7900 -86.000000
8000 -89.000000
8100 -83.000000
8200 -90.000000
8300 -91.000000
8400 -145.000000
8500 -88.000000
8600 -94.000000
8700 -83.000000
8800 -88.000000
8900 -88.000000
9000 -94.000000
9100 -146.000000
9200 -103.000000
9300 -89.000000
9400 -87.000000
9500 -84.000000
9600 -86.000000
9700 -91.000000
9800 -84.000000
9900 -88.000000

real	11m20.260s
user	1m55.401s
sys	0m24.015s
********
Run  5
Discrete
Continuos
Environment: MountainCar-v0
0 -200.000000
100 -200.000000
200 -153.000000
300 -152.000000
400 -151.000000
500 -85.000000
600 -85.000000
700 -109.000000
800 -151.000000
900 -87.000000
1000 -143.000000
1100 -146.000000
1200 -84.000000
1300 -85.000000
1400 -147.000000
1500 -98.000000
1600 -114.000000
1700 -144.000000
1800 -146.000000
1900 -144.000000
2000 -145.000000
2100 -148.000000
2200 -144.000000
2300 -149.000000
2400 -144.000000
2500 -86.000000
2600 -144.000000
2700 -144.000000
2800 -87.000000
2900 -86.000000
3000 -87.000000
3100 -90.000000
3200 -90.000000
3300 -108.000000
3400 -90.000000
3500 -148.000000
3600 -92.000000
3700 -91.000000
3800 -89.000000
3900 -89.000000
4000 -90.000000
4100 -110.000000
4200 -87.000000
4300 -86.000000
4400 -88.000000
4500 -92.000000
4600 -92.000000
4700 -128.000000
4800 -88.000000
4900 -88.000000
5000 -86.000000
5100 -84.000000
5200 -99.000000
5300 -88.000000
5400 -87.000000
5500 -146.000000
5600 -89.000000
5700 -146.000000
5800 -85.000000
5900 -88.000000
6000 -145.000000
6100 -85.000000
6200 -88.000000
6300 -97.000000
6400 -83.000000
6500 -84.000000
6600 -104.000000
6700 -114.000000
6800 -84.000000
6900 -83.000000
7000 -103.000000
7100 -89.000000
7200 -95.000000
7300 -89.000000
7400 -87.000000
7500 -87.000000
7600 -110.000000
7700 -110.000000
7800 -110.000000
7900 -95.000000
8000 -111.000000
8100 -84.000000
8200 -83.000000
8300 -111.000000
8400 -108.000000
8500 -84.000000
8600 -86.000000
8700 -84.000000
8800 -84.000000
8900 -85.000000
9000 -88.000000
9100 -83.000000
9200 -86.000000
9300 -89.000000
9400 -86.000000
9500 -83.000000
9600 -85.000000
9700 -84.000000
9800 -87.000000
9900 -86.000000

real	11m26.573s
user	1m57.273s
sys	0m23.780s
********
Run  6
Discrete
Continuos
Environment: MountainCar-v0
0 -200.000000
100 -200.000000
200 -86.000000
300 -85.000000
400 -98.000000
500 -87.000000
600 -95.000000
700 -101.000000
800 -96.000000
900 -111.000000
1000 -85.000000
1100 -87.000000
1200 -89.000000
1300 -200.000000
1400 -200.000000
1500 -91.000000
1600 -200.000000
1700 -91.000000
1800 -90.000000
1900 -110.000000
2000 -89.000000
2100 -200.000000
2200 -92.000000
2300 -87.000000
2400 -87.000000
2500 -200.000000
2600 -96.000000
2700 -200.000000
2800 -200.000000
2900 -200.000000
3000 -85.000000
3100 -85.000000
3200 -84.000000
3300 -86.000000
3400 -86.000000
3500 -89.000000
3600 -200.000000
3700 -90.000000
3800 -85.000000
3900 -200.000000
4000 -200.000000
4100 -131.000000
4200 -108.000000
4300 -148.000000
4400 -146.000000
4500 -148.000000
4600 -200.000000
4700 -178.000000
4800 -91.000000
4900 -173.000000
5000 -180.000000
5100 -86.000000
5200 -85.000000
5300 -84.000000
5400 -83.000000
5500 -84.000000
5600 -84.000000
5700 -87.000000
5800 -84.000000
5900 -102.000000
6000 -91.000000
6100 -83.000000
6200 -84.000000
6300 -88.000000
6400 -96.000000
6500 -86.000000
6600 -84.000000
6700 -92.000000
6800 -86.000000
6900 -85.000000
7000 -87.000000
7100 -86.000000
7200 -200.000000
7300 -97.000000
7400 -95.000000
7500 -96.000000
7600 -95.000000
7700 -99.000000
7800 -126.000000
7900 -125.000000
8000 -114.000000
8100 -95.000000
8200 -91.000000
8300 -144.000000
8400 -142.000000
8500 -105.000000
8600 -98.000000
8700 -89.000000
8800 -139.000000
8900 -102.000000
9000 -90.000000
9100 -96.000000
9200 -90.000000
9300 -86.000000
9400 -84.000000
9500 -86.000000
9600 -84.000000
9700 -103.000000
9800 -84.000000
9900 -93.000000

real	11m25.368s
user	1m55.927s
sys	0m24.952s
********
Run  7
Discrete
Continuos
Environment: MountainCar-v0
0 -200.000000
100 -200.000000
200 -200.000000
300 -200.000000
400 -105.000000
500 -200.000000
600 -200.000000
700 -173.000000
800 -200.000000
900 -200.000000
1000 -85.000000
1100 -102.000000
1200 -200.000000
1300 -96.000000
1400 -87.000000
1500 -87.000000
1600 -88.000000
1700 -196.000000
1800 -120.000000
1900 -123.000000
2000 -95.000000
2100 -93.000000
2200 -100.000000
2300 -84.000000
2400 -83.000000
2500 -85.000000
2600 -88.000000
2700 -85.000000
2800 -84.000000
2900 -86.000000
3000 -93.000000
3100 -99.000000
3200 -90.000000
3300 -100.000000
3400 -92.000000
3500 -90.000000
3600 -152.000000
3700 -84.000000
3800 -85.000000
3900 -91.000000
4000 -86.000000
4100 -92.000000
4200 -101.000000
4300 -85.000000
4400 -84.000000
4500 -103.000000
4600 -86.000000
4700 -105.000000
4800 -200.000000
4900 -85.000000
5000 -85.000000
5100 -86.000000
5200 -88.000000
5300 -85.000000
5400 -97.000000
5500 -109.000000
5600 -87.000000
5700 -89.000000
5800 -88.000000
5900 -86.000000
6000 -100.000000
6100 -89.000000
6200 -85.000000
6300 -86.000000
6400 -200.000000
6500 -200.000000
6600 -200.000000
6700 -200.000000
6800 -89.000000
6900 -200.000000
7000 -84.000000
7100 -97.000000
7200 -85.000000
7300 -85.000000
7400 -90.000000
7500 -84.000000
7600 -98.000000
7700 -108.000000
7800 -200.000000
7900 -113.000000
8000 -109.000000
8100 -83.000000
8200 -90.000000
8300 -92.000000
8400 -94.000000
8500 -99.000000
8600 -86.000000
8700 -85.000000
8800 -87.000000
8900 -84.000000
9000 -90.000000
9100 -89.000000
9200 -90.000000
9300 -87.000000
9400 -143.000000
9500 -144.000000
9600 -146.000000
9700 -85.000000
9800 -95.000000
9900 -144.000000

real	11m28.354s
user	1m57.580s
sys	0m24.043s
********
Run  8
Discrete
Continuos
Environment: MountainCar-v0
0 -200.000000
100 -95.000000
200 -200.000000
300 -200.000000
400 -200.000000
500 -200.000000
600 -200.000000
700 -200.000000
800 -200.000000
900 -107.000000
1000 -108.000000
1100 -109.000000
1200 -200.000000
1300 -200.000000
1400 -176.000000
1500 -200.000000
1600 -200.000000
1700 -85.000000
1800 -102.000000
1900 -90.000000
2000 -91.000000
2100 -103.000000
2200 -188.000000
2300 -200.000000
2400 -200.000000
2500 -85.000000
2600 -96.000000
2700 -139.000000
2800 -141.000000
2900 -147.000000
3000 -87.000000
3100 -141.000000
3200 -135.000000
3300 -141.000000
3400 -92.000000
3500 -152.000000
3600 -145.000000
3700 -145.000000
3800 -136.000000
3900 -101.000000
4000 -145.000000
4100 -138.000000
4200 -87.000000
4300 -86.000000
4400 -87.000000
4500 -86.000000
4600 -141.000000
4700 -130.000000
4800 -87.000000
4900 -136.000000
5000 -105.000000
5100 -85.000000
5200 -200.000000
5300 -92.000000
5400 -87.000000
5500 -86.000000
5600 -94.000000
5700 -93.000000
5800 -87.000000
5900 -100.000000
6000 -93.000000
6100 -151.000000
6200 -159.000000
6300 -91.000000
6400 -85.000000
6500 -86.000000
6600 -94.000000
6700 -84.000000
6800 -86.000000
6900 -86.000000
7000 -95.000000
7100 -87.000000
7200 -166.000000
7300 -119.000000
7400 -90.000000
7500 -95.000000
7600 -166.000000
7700 -87.000000
7800 -86.000000
7900 -92.000000
8000 -94.000000
8100 -91.000000
8200 -95.000000
8300 -90.000000
8400 -91.000000
8500 -84.000000
8600 -85.000000
8700 -89.000000
8800 -112.000000
8900 -89.000000
9000 -90.000000
9100 -87.000000
9200 -104.000000
9300 -84.000000
9400 -112.000000
9500 -86.000000
9600 -85.000000
9700 -99.000000
9800 -133.000000
9900 -135.000000

real	11m29.898s
user	1m57.283s
sys	0m24.118s
********
Run  9
Discrete
Continuos
Environment: MountainCar-v0
0 -200.000000
100 -200.000000
200 -200.000000
300 -200.000000
400 -200.000000
500 -88.000000
600 -90.000000
700 -84.000000
800 -91.000000
900 -108.000000
1000 -99.000000
1100 -200.000000
1200 -95.000000
1300 -182.000000
1400 -182.000000
1500 -173.000000
1600 -181.000000
1700 -181.000000
1800 -113.000000
1900 -84.000000
2000 -84.000000
2100 -87.000000
2200 -83.000000
2300 -87.000000
2400 -126.000000
2500 -200.000000
2600 -200.000000
2700 -200.000000
2800 -89.000000
2900 -86.000000
3000 -92.000000
3100 -87.000000
3200 -92.000000
3300 -175.000000
3400 -200.000000
3500 -200.000000
3600 -200.000000
3700 -109.000000
3800 -93.000000
3900 -83.000000
4000 -89.000000
4100 -200.000000
4200 -200.000000
4300 -200.000000
4400 -200.000000
4500 -200.000000
4600 -88.000000
4700 -200.000000
4800 -109.000000
4900 -85.000000
5000 -200.000000
5100 -200.000000
5200 -84.000000
5300 -200.000000
5400 -87.000000
5500 -91.000000
5600 -87.000000
5700 -95.000000
5800 -85.000000
5900 -92.000000
6000 -112.000000
6100 -92.000000
6200 -188.000000
6300 -188.000000
6400 -187.000000
6500 -188.000000
6600 -143.000000
6700 -144.000000
6800 -166.000000
6900 -167.000000
7000 -160.000000
7100 -167.000000
7200 -107.000000
7300 -150.000000
7400 -150.000000
7500 -90.000000
7600 -146.000000
7700 -148.000000
7800 -147.000000
7900 -145.000000
8000 -146.000000
8100 -146.000000
8200 -146.000000
8300 -142.000000
8400 -92.000000
8500 -146.000000
8600 -88.000000
8700 -83.000000
8800 -85.000000
8900 -86.000000
9000 -84.000000
9100 -95.000000
9200 -84.000000
9300 -122.000000
9400 -90.000000
9500 -86.000000
9600 -121.000000
9700 -105.000000
9800 -93.000000
9900 -90.000000

real	11m29.350s
user	1m56.735s
sys	0m24.193s
********
Run  10
Discrete
Continuos
Environment: MountainCar-v0
0 -200.000000
100 -200.000000
200 -200.000000
300 -200.000000
400 -85.000000
500 -87.000000
600 -85.000000
700 -85.000000
800 -86.000000
900 -86.000000
1000 -200.000000
1100 -200.000000
1200 -100.000000
1300 -200.000000
1400 -148.000000
1500 -148.000000
1600 -144.000000
1700 -146.000000
1800 -86.000000
1900 -144.000000
2000 -90.000000
2100 -85.000000
2200 -86.000000
2300 -84.000000
2400 -84.000000
2500 -93.000000
2600 -84.000000
2700 -87.000000
2800 -86.000000
2900 -90.000000
3000 -86.000000
3100 -84.000000
3200 -89.000000
3300 -100.000000
3400 -142.000000
3500 -94.000000
3600 -89.000000
3700 -84.000000
3800 -86.000000
3900 -86.000000
4000 -86.000000
4100 -83.000000
4200 -87.000000
4300 -83.000000
4400 -88.000000
4500 -99.000000
4600 -107.000000
4700 -108.000000
4800 -115.000000
4900 -87.000000
5000 -84.000000
5100 -84.000000
5200 -84.000000
5300 -83.000000
5400 -85.000000
5500 -87.000000
5600 -121.000000
5700 -89.000000
5800 -88.000000
5900 -88.000000
6000 -87.000000
6100 -105.000000
6200 -84.000000
6300 -124.000000
6400 -103.000000
6500 -84.000000
6600 -85.000000
6700 -87.000000
6800 -89.000000
6900 -118.000000
7000 -114.000000
7100 -118.000000
7200 -122.000000
7300 -133.000000
7400 -114.000000
7500 -112.000000
7600 -93.000000
7700 -86.000000
7800 -90.000000
7900 -134.000000
8000 -88.000000
8100 -97.000000
8200 -128.000000
8300 -96.000000
8400 -90.000000
8500 -102.000000
8600 -93.000000
8700 -112.000000
8800 -112.000000
8900 -90.000000
9000 -84.000000
9100 -96.000000
9200 -112.000000
9300 -133.000000
9400 -104.000000
9500 -85.000000
9600 -87.000000
9700 -86.000000
9800 -84.000000
9900 -88.000000

real	11m20.923s
user	1m54.184s
sys	0m24.885s
********
Killed:  1745
About to start a new gym environment
