nohup: ignoring input
----------------------------------------------------------------
About to run:  Roulette-v0  at  Tue Apr 23 03:59:46 UTC 2019
Server Job number:  1368
./runTests.sh: line 21:  1301 Terminated              python3 $GYMUDSPATH$GYMSERVERNAME $i
Run  1
Discrete
Environment: Roulette-v0
0 0.000000
100 122.000000
200 159.000000
300 159.000000
400 196.000000
500 159.000000
600 159.000000
700 196.000000
800 124.000000
900 85.000000
1000 159.000000
1100 233.000000
1200 159.000000
1300 159.000000
1400 122.000000
1500 159.000000
1600 122.000000
1700 159.000000
1800 159.000000
1900 159.000000
2000 122.000000
2100 159.000000
2200 122.000000
2300 196.000000
2400 122.000000
2500 124.000000
2600 159.000000
2700 196.000000
2800 122.000000
2900 159.000000
3000 159.000000
3100 196.000000
3200 270.000000
3300 122.000000
3400 270.000000
3500 122.000000
3600 196.000000
3700 196.000000
3800 122.000000
3900 196.000000
4000 159.000000
4100 196.000000
4200 159.000000
4300 159.000000
4400 159.000000
4500 122.000000
4600 122.000000
4700 159.000000
4800 245.000000
4900 159.000000
5000 159.000000
5100 159.000000
5200 159.000000
5300 233.000000
5400 122.000000
5500 196.000000
5600 233.000000
5700 159.000000
5800 159.000000
5900 270.000000
6000 233.000000
6100 196.000000
6200 196.000000
6300 159.000000
6400 122.000000
6500 159.000000
6600 122.000000
6700 159.000000
6800 159.000000
6900 233.000000
7000 122.000000
7100 159.000000
7200 233.000000
7300 159.000000
7400 122.000000
7500 196.000000
7600 233.000000
7700 128.000000
7800 196.000000
7900 198.000000
8000 159.000000
8100 122.000000
8200 196.000000
8300 159.000000
8400 122.000000
8500 159.000000
8600 122.000000
8700 196.000000
8800 233.000000
8900 159.000000
9000 196.000000
9100 159.000000
9200 159.000000
9300 159.000000
9400 159.000000
9500 196.000000
9600 196.000000
9700 196.000000
9800 159.000000
9900 159.000000
10000 159.000000
10100 159.000000
10200 159.000000
10300 196.000000
10400 196.000000
10500 159.000000
10600 233.000000
10700 122.000000
10800 233.000000
10900 159.000000
11000 159.000000
11100 122.000000
11200 196.000000
11300 159.000000
11400 233.000000
11500 122.000000
11600 159.000000
11700 196.000000
11800 196.000000
11900 233.000000
12000 159.000000
12100 270.000000
12200 159.000000
12300 159.000000
12400 159.000000
12500 122.000000
12600 159.000000
12700 122.000000
12800 233.000000
12900 159.000000
13000 159.000000
13100 270.000000
13200 122.000000
13300 159.000000
13400 159.000000
13500 233.000000
13600 122.000000
13700 159.000000
13800 159.000000
13900 233.000000
14000 159.000000
14100 196.000000
14200 196.000000
14300 198.000000
14400 159.000000
14500 196.000000
14600 159.000000
14700 159.000000
14800 196.000000
14900 159.000000
15000 159.000000
15100 122.000000
15200 159.000000
15300 122.000000
15400 159.000000
15500 159.000000
15600 159.000000
15700 196.000000
15800 196.000000
15900 233.000000
16000 122.000000
16100 122.000000
16200 122.000000
16300 85.000000
16400 233.000000
16500 159.000000
16600 122.000000
16700 196.000000
16800 196.000000
16900 122.000000
17000 196.000000
17100 122.000000
17200 196.000000
17300 159.000000
17400 159.000000
17500 122.000000
17600 196.000000
17700 122.000000
17800 196.000000
17900 122.000000
18000 159.000000
18100 159.000000
18200 159.000000
18300 233.000000
18400 159.000000
18500 159.000000
18600 196.000000
18700 159.000000
18800 159.000000
18900 159.000000
19000 159.000000
19100 196.000000
19200 122.000000
19300 159.000000
19400 122.000000
19500 159.000000
19600 159.000000
19700 196.000000
19800 270.000000
19900 159.000000
20000 196.000000
20100 159.000000
20200 196.000000
20300 196.000000
20400 270.000000
20500 122.000000
20600 159.000000
20700 233.000000
20800 159.000000
20900 159.000000
21000 159.000000
21100 159.000000
21200 161.000000
21300 233.000000
21400 122.000000
21500 196.000000
21600 196.000000
21700 196.000000
21800 159.000000
21900 159.000000
22000 159.000000
22100 159.000000
22200 196.000000
22300 122.000000
22400 196.000000
22500 122.000000
22600 159.000000
22700 159.000000
22800 161.000000
22900 159.000000
23000 159.000000
23100 196.000000
23200 159.000000
23300 159.000000
23400 196.000000
23500 196.000000
23600 159.000000
23700 122.000000
23800 159.000000
23900 196.000000
24000 233.000000
24100 196.000000
24200 122.000000
24300 270.000000
24400 122.000000
24500 122.000000
24600 233.000000
24700 196.000000
24800 159.000000
24900 196.000000
25000 159.000000
25100 159.000000
25200 233.000000
25300 196.000000
25400 159.000000
25500 159.000000
25600 159.000000
25700 124.000000
25800 196.000000
25900 270.000000
26000 159.000000
26100 159.000000
26200 159.000000
26300 159.000000
26400 159.000000
26500 122.000000
26600 159.000000
26700 159.000000
26800 159.000000
26900 159.000000
27000 159.000000
27100 233.000000
27200 122.000000
27300 159.000000
27400 196.000000
27500 233.000000
27600 196.000000
27700 159.000000
27800 196.000000
27900 196.000000
28000 122.000000
28100 159.000000
28200 122.000000
28300 159.000000
28400 122.000000
28500 122.000000
28600 159.000000
28700 233.000000
28800 122.000000
28900 233.000000
29000 159.000000
29100 196.000000
29200 159.000000
29300 196.000000
29400 159.000000
29500 159.000000
29600 159.000000
29700 122.000000
29800 196.000000
29900 122.000000
30000 196.000000
30100 159.000000
30200 159.000000
30300 270.000000
30400 159.000000
30500 159.000000
30600 159.000000
30700 196.000000
30800 196.000000
30900 270.000000
31000 122.000000
31100 159.000000
31200 270.000000
31300 196.000000
31400 233.000000
31500 159.000000
31600 122.000000
31700 233.000000
31800 159.000000
31900 159.000000
32000 159.000000
32100 159.000000
32200 122.000000
32300 196.000000
32400 159.000000
32500 233.000000
32600 270.000000
32700 159.000000
32800 159.000000
32900 233.000000
33000 159.000000
33100 122.000000
33200 196.000000
33300 196.000000
33400 159.000000
33500 196.000000
33600 196.000000
33700 159.000000
33800 196.000000
33900 159.000000
34000 159.000000
34100 196.000000
34200 159.000000
34300 159.000000
34400 159.000000
34500 159.000000
34600 159.000000
34700 159.000000
34800 196.000000
34900 122.000000
35000 159.000000
35100 196.000000
35200 196.000000
35300 196.000000
35400 122.000000
35500 159.000000
35600 159.000000
35700 159.000000
35800 196.000000
35900 196.000000
36000 196.000000
36100 159.000000
36200 122.000000
36300 159.000000
36400 196.000000
36500 196.000000
36600 159.000000
36700 233.000000
36800 122.000000
36900 159.000000
37000 196.000000
37100 159.000000
37200 196.000000
37300 159.000000
37400 159.000000
37500 159.000000
37600 159.000000
37700 159.000000
37800 196.000000
37900 122.000000
38000 159.000000
38100 159.000000
38200 196.000000
38300 233.000000
38400 196.000000
38500 122.000000
38600 196.000000
38700 159.000000
38800 122.000000
38900 159.000000
39000 159.000000
39100 122.000000
39200 122.000000
39300 198.000000
39400 233.000000
39500 159.000000
39600 159.000000
39700 196.000000
39800 159.000000
39900 159.000000
40000 196.000000
40100 196.000000
40200 159.000000
40300 196.000000
40400 122.000000
40500 270.000000
40600 196.000000
40700 159.000000
40800 159.000000
40900 133.000000
41000 159.000000
41100 196.000000
41200 233.000000
41300 159.000000
41400 159.000000
41500 196.000000
41600 196.000000
41700 159.000000
41800 159.000000
41900 122.000000
42000 233.000000
42100 159.000000
42200 159.000000
42300 307.000000
42400 159.000000
42500 159.000000
42600 159.000000
42700 122.000000
42800 159.000000
42900 159.000000
43000 122.000000
43100 196.000000
43200 196.000000
43300 233.000000
43400 196.000000
43500 159.000000
43600 159.000000
43700 159.000000
43800 159.000000
43900 159.000000
44000 122.000000
44100 122.000000
44200 159.000000
44300 159.000000
44400 196.000000
44500 122.000000
44600 122.000000
44700 122.000000
44800 233.000000
44900 307.000000
45000 270.000000
45100 196.000000
45200 196.000000
45300 122.000000
45400 159.000000
45500 122.000000
45600 196.000000
45700 159.000000
45800 159.000000
45900 233.000000
46000 159.000000
46100 233.000000
46200 196.000000
46300 159.000000
46400 196.000000
46500 159.000000
46600 159.000000
46700 159.000000
46800 196.000000
46900 233.000000
47000 196.000000
47100 233.000000
47200 122.000000
47300 122.000000
47400 196.000000
47500 159.000000
47600 159.000000
47700 233.000000
47800 233.000000
47900 196.000000
48000 344.000000
48100 196.000000
48200 233.000000
48300 159.000000
48400 122.000000
48500 196.000000
48600 122.000000
48700 122.000000
48800 159.000000
48900 196.000000
49000 159.000000
49100 159.000000
49200 122.000000
49300 196.000000
49400 233.000000
49500 196.000000
49600 159.000000
49700 159.000000
49800 159.000000
49900 159.000000

real	26m27.688s
user	5m0.370s
sys	0m56.655s
<<<<>>>>
Continuos
./runTests.sh: line 16: ./suna: Is a directory

real	0m0.000s
user	0m0.000s
sys	0m0.000s
********
Run  2
Discrete
Environment: Roulette-v0
0 0.000000
100 122.000000
200 122.000000
300 198.000000
400 159.000000
500 122.000000
600 159.000000
700 122.000000
800 159.000000
900 159.000000
1000 233.000000
1100 233.000000
1200 196.000000
1300 196.000000
1400 196.000000
1500 233.000000
1600 159.000000
1700 196.000000
1800 233.000000
1900 270.000000
2000 159.000000
2100 196.000000
2200 159.000000
2300 122.000000
2400 196.000000
2500 122.000000
2600 196.000000
2700 122.000000
2800 122.000000
2900 196.000000
3000 159.000000
3100 122.000000
3200 122.000000
3300 159.000000
3400 159.000000
3500 159.000000
3600 196.000000
3700 159.000000
3800 122.000000
3900 159.000000
4000 159.000000
4100 159.000000
4200 233.000000
4300 196.000000
4400 122.000000
4500 159.000000
4600 159.000000
4700 159.000000
4800 196.000000
4900 196.000000
5000 122.000000
5100 233.000000
5200 159.000000
5300 196.000000
5400 196.000000
5500 122.000000
5600 122.000000
5700 196.000000
5800 159.000000
5900 122.000000
6000 122.000000
6100 122.000000
6200 87.000000
6300 161.000000
6400 122.000000
6500 122.000000
6600 159.000000
6700 159.000000
6800 122.000000
6900 122.000000
7000 159.000000
7100 122.000000
7200 307.000000
7300 233.000000
7400 196.000000
7500 159.000000
7600 122.000000
7700 159.000000
7800 233.000000
7900 122.000000
8000 233.000000
8100 233.000000
8200 196.000000
8300 122.000000
8400 233.000000
8500 159.000000
8600 122.000000
8700 159.000000
8800 159.000000
8900 124.000000
9000 122.000000
9100 122.000000
9200 233.000000
9300 122.000000
9400 122.000000
9500 122.000000
9600 196.000000
9700 122.000000
9800 196.000000
9900 196.000000
10000 196.000000
10100 159.000000
10200 233.000000
10300 159.000000
10400 196.000000
10500 159.000000
10600 233.000000
10700 159.000000
10800 159.000000
10900 159.000000
11000 159.000000
11100 159.000000
11200 159.000000
11300 196.000000
11400 196.000000
11500 196.000000
11600 122.000000
11700 196.000000
11800 196.000000
11900 196.000000
12000 159.000000
12100 270.000000
12200 122.000000
12300 196.000000
12400 159.000000
12500 196.000000
12600 159.000000
12700 159.000000
12800 196.000000
12900 159.000000
13000 159.000000
13100 196.000000
13200 233.000000
13300 196.000000
13400 196.000000
13500 122.000000
13600 196.000000
13700 122.000000
13800 159.000000
13900 159.000000
14000 159.000000
14100 122.000000
14200 122.000000
14300 159.000000
14400 159.000000
14500 196.000000
14600 196.000000
14700 122.000000
14800 159.000000
14900 122.000000
15000 270.000000
15100 122.000000
15200 233.000000
15300 233.000000
15400 196.000000
15500 196.000000
15600 196.000000
15700 159.000000
15800 159.000000
15900 159.000000
16000 196.000000
16100 159.000000
16200 159.000000
16300 159.000000
16400 196.000000
16500 233.000000
16600 159.000000
16700 122.000000
16800 159.000000
16900 196.000000
17000 159.000000
17100 159.000000
17200 196.000000
17300 159.000000
17400 122.000000
17500 122.000000
17600 159.000000
17700 159.000000
17800 122.000000
17900 122.000000
18000 196.000000
18100 233.000000
18200 196.000000
18300 159.000000
18400 196.000000
18500 196.000000
18600 196.000000
18700 233.000000
18800 122.000000
18900 159.000000
19000 159.000000
19100 307.000000
19200 196.000000
19300 159.000000
19400 159.000000
19500 159.000000
19600 233.000000
19700 122.000000
19800 122.000000
19900 196.000000
20000 196.000000
20100 122.000000
20200 159.000000
20300 159.000000
20400 159.000000
20500 233.000000
20600 233.000000
20700 196.000000
20800 196.000000
20900 270.000000
21000 196.000000
21100 196.000000
21200 159.000000
21300 159.000000
21400 233.000000
21500 122.000000
21600 159.000000
21700 159.000000
21800 159.000000
21900 122.000000
22000 122.000000
22100 122.000000
22200 122.000000
22300 233.000000
22400 233.000000
22500 159.000000
22600 233.000000
22700 159.000000
22800 196.000000
22900 159.000000
23000 270.000000
23100 159.000000
23200 196.000000
23300 196.000000
23400 233.000000
23500 122.000000
23600 196.000000
23700 159.000000
23800 122.000000
23900 196.000000
24000 196.000000
24100 122.000000
24200 122.000000
24300 196.000000
24400 159.000000
24500 196.000000
24600 196.000000
24700 122.000000
24800 159.000000
24900 196.000000
25000 196.000000
25100 196.000000
25200 159.000000
25300 196.000000
25400 159.000000
25500 159.000000
25600 196.000000
25700 159.000000
25800 122.000000
25900 122.000000
26000 196.000000
26100 159.000000
26200 196.000000
26300 196.000000
26400 159.000000
26500 159.000000
26600 233.000000
26700 159.000000
26800 159.000000
26900 233.000000
27000 159.000000
27100 159.000000
27200 159.000000
27300 233.000000
27400 270.000000
27500 122.000000
27600 196.000000
27700 233.000000
27800 196.000000
27900 159.000000
28000 159.000000
28100 122.000000
28200 196.000000
28300 159.000000
28400 233.000000
28500 159.000000
28600 159.000000
28700 196.000000
28800 159.000000
28900 159.000000
29000 159.000000
29100 196.000000
29200 196.000000
29300 196.000000
29400 122.000000
29500 124.000000
29600 196.000000
29700 122.000000
29800 122.000000
29900 196.000000
30000 196.000000
30100 124.000000
30200 159.000000
30300 122.000000
30400 159.000000
30500 196.000000
30600 122.000000
30700 233.000000
30800 159.000000
30900 159.000000
31000 159.000000
31100 196.000000
31200 233.000000
31300 159.000000
31400 159.000000
31500 159.000000
31600 270.000000
31700 196.000000
31800 122.000000
31900 159.000000
32000 233.000000
32100 233.000000
32200 122.000000
32300 159.000000
32400 122.000000
32500 196.000000
32600 159.000000
32700 233.000000
32800 233.000000
32900 159.000000
33000 159.000000
33100 196.000000
33200 159.000000
33300 233.000000
33400 196.000000
33500 159.000000
33600 122.000000
33700 196.000000
33800 122.000000
33900 196.000000
34000 196.000000
34100 196.000000
34200 159.000000
34300 159.000000
34400 233.000000
34500 159.000000
34600 196.000000
34700 122.000000
34800 196.000000
34900 159.000000
35000 196.000000
35100 159.000000
35200 159.000000
35300 159.000000
35400 159.000000
35500 233.000000
35600 122.000000
35700 196.000000
35800 159.000000
35900 159.000000
36000 159.000000
36100 196.000000
36200 159.000000
36300 196.000000
36400 122.000000
36500 159.000000
36600 122.000000
36700 122.000000
36800 196.000000
36900 233.000000
37000 159.000000
37100 129.000000
37200 196.000000
37300 196.000000
37400 233.000000
37500 233.000000
37600 122.000000
37700 159.000000
37800 122.000000
37900 196.000000
38000 196.000000
38100 159.000000
38200 122.000000
38300 122.000000
38400 196.000000
38500 122.000000
38600 122.000000
38700 122.000000
38800 159.000000
38900 159.000000
39000 122.000000
39100 270.000000
39200 196.000000
39300 159.000000
39400 196.000000
39500 159.000000
39600 159.000000
39700 233.000000
39800 233.000000
39900 196.000000
40000 196.000000
40100 122.000000
40200 196.000000
40300 196.000000
40400 233.000000
40500 233.000000
40600 159.000000
40700 159.000000
40800 159.000000
40900 122.000000
41000 159.000000
41100 159.000000
41200 196.000000
41300 122.000000
41400 122.000000
41500 233.000000
41600 233.000000
41700 159.000000
41800 159.000000
41900 159.000000
42000 196.000000
42100 270.000000
42200 233.000000
42300 196.000000
42400 196.000000
42500 159.000000
42600 233.000000
42700 159.000000
42800 159.000000
42900 233.000000
43000 159.000000
43100 233.000000
43200 159.000000
43300 124.000000
43400 159.000000
43500 159.000000
43600 233.000000
43700 233.000000
43800 196.000000
43900 159.000000
44000 122.000000
44100 196.000000
44200 159.000000
44300 159.000000
44400 233.000000
44500 159.000000
44600 159.000000
44700 159.000000
44800 196.000000
44900 159.000000
45000 196.000000
45100 159.000000
45200 159.000000
45300 159.000000
45400 196.000000
45500 122.000000
45600 159.000000
45700 159.000000
45800 196.000000
45900 233.000000
46000 122.000000
46100 159.000000
46200 159.000000
46300 196.000000
46400 159.000000
46500 196.000000
46600 233.000000
46700 159.000000
46800 122.000000
46900 196.000000
47000 233.000000
47100 233.000000
47200 159.000000
47300 196.000000
47400 233.000000
47500 196.000000
47600 159.000000
47700 233.000000
47800 159.000000
47900 233.000000
48000 233.000000
48100 196.000000
48200 159.000000
48300 233.000000
48400 159.000000
48500 196.000000
48600 233.000000
48700 196.000000
48800 196.000000
48900 159.000000
49000 122.000000
49100 122.000000
49200 159.000000
49300 159.000000
49400 159.000000
49500 122.000000
49600 196.000000
49700 159.000000
49800 196.000000
49900 159.000000

real	26m27.296s
user	4m59.889s
sys	0m56.451s
<<<<>>>>
Continuos
./runTests.sh: line 16: ./suna: Is a directory

real	0m0.000s
user	0m0.000s
sys	0m0.000s
********
Run  3
Discrete
Environment: Roulette-v0
0 -26.000000
100 159.000000
200 159.000000
300 159.000000
400 196.000000
500 196.000000
600 122.000000
700 122.000000
800 159.000000
900 196.000000
1000 122.000000
1100 159.000000
1200 307.000000
1300 129.000000
1400 196.000000
1500 122.000000
1600 196.000000
1700 233.000000
1800 198.000000
1900 196.000000
2000 159.000000
2100 122.000000
2200 196.000000
2300 159.000000
2400 196.000000
2500 122.000000
2600 159.000000
2700 159.000000
2800 159.000000
2900 159.000000
3000 159.000000
3100 159.000000
3200 159.000000
3300 122.000000
3400 196.000000
3500 159.000000
3600 122.000000
3700 196.000000
3800 159.000000
3900 233.000000
4000 159.000000
4100 233.000000
4200 122.000000
4300 196.000000
4400 159.000000
4500 122.000000
4600 159.000000
4700 159.000000
4800 196.000000
4900 122.000000
5000 196.000000
5100 122.000000
5200 122.000000
5300 159.000000
5400 196.000000
5500 196.000000
5600 196.000000
5700 196.000000
5800 159.000000
5900 159.000000
6000 233.000000
6100 122.000000
6200 122.000000
6300 159.000000
6400 233.000000
6500 196.000000
6600 159.000000
6700 233.000000
6800 122.000000
6900 233.000000
7000 159.000000
7100 196.000000
7200 159.000000
7300 159.000000
7400 122.000000
7500 122.000000
7600 159.000000
7700 159.000000
7800 159.000000
7900 159.000000
8000 196.000000
8100 122.000000
8200 122.000000
8300 196.000000
8400 233.000000
8500 196.000000
8600 159.000000
8700 159.000000
8800 233.000000
8900 159.000000
9000 270.000000
9100 159.000000
9200 196.000000
9300 122.000000
9400 159.000000
9500 196.000000
9600 196.000000
9700 159.000000
9800 159.000000
9900 196.000000
10000 159.000000
10100 161.000000
10200 235.000000
10300 159.000000
10400 233.000000
10500 196.000000
10600 196.000000
10700 159.000000
10800 159.000000
10900 196.000000
11000 196.000000
11100 122.000000
11200 196.000000
11300 122.000000
11400 159.000000
11500 159.000000
11600 233.000000
11700 161.000000
11800 159.000000
11900 159.000000
12000 159.000000
12100 159.000000
12200 122.000000
12300 233.000000
12400 159.000000
12500 122.000000
12600 196.000000
12700 233.000000
12800 122.000000
12900 122.000000
13000 196.000000
13100 159.000000
13200 159.000000
13300 122.000000
13400 159.000000
13500 196.000000
13600 159.000000
13700 122.000000
13800 122.000000
13900 122.000000
14000 159.000000
14100 196.000000
14200 159.000000
14300 159.000000
14400 196.000000
14500 196.000000
14600 196.000000
14700 196.000000
14800 122.000000
14900 196.000000
15000 159.000000
15100 122.000000
15200 159.000000
15300 159.000000
15400 159.000000
15500 159.000000
15600 159.000000
15700 122.000000
15800 196.000000
15900 196.000000
16000 159.000000
16100 196.000000
16200 159.000000
16300 196.000000
16400 233.000000
16500 159.000000
16600 159.000000
16700 196.000000
16800 122.000000
16900 233.000000
17000 196.000000
17100 270.000000
17200 196.000000
17300 159.000000
17400 122.000000
17500 122.000000
17600 159.000000
17700 196.000000
17800 159.000000
17900 159.000000
18000 122.000000
18100 196.000000
18200 159.000000
18300 159.000000
18400 122.000000
18500 159.000000
18600 159.000000
18700 196.000000
18800 196.000000
18900 196.000000
19000 159.000000
19100 159.000000
19200 122.000000
19300 196.000000
19400 196.000000
19500 270.000000
19600 159.000000
19700 159.000000
19800 159.000000
19900 159.000000
20000 196.000000
20100 159.000000
20200 196.000000
20300 122.000000
20400 196.000000
20500 159.000000
20600 122.000000
20700 159.000000
20800 270.000000
20900 159.000000
21000 159.000000
21100 122.000000
21200 159.000000
21300 196.000000
21400 233.000000
21500 159.000000
21600 196.000000
21700 233.000000
21800 196.000000
21900 159.000000
22000 122.000000
22100 159.000000
22200 196.000000
22300 159.000000
22400 196.000000
22500 122.000000
22600 196.000000
22700 233.000000
22800 159.000000
22900 196.000000
23000 159.000000
23100 159.000000
23200 159.000000
23300 159.000000
23400 233.000000
23500 159.000000
23600 196.000000
23700 122.000000
23800 196.000000
23900 159.000000
24000 122.000000
24100 196.000000
24200 196.000000
24300 196.000000
24400 196.000000
24500 159.000000
24600 159.000000
24700 159.000000
24800 196.000000
24900 159.000000
25000 159.000000
25100 159.000000
25200 307.000000
25300 233.000000
25400 159.000000
25500 159.000000
25600 159.000000
25700 196.000000
25800 122.000000
25900 233.000000
26000 196.000000
26100 196.000000
26200 196.000000
26300 196.000000
26400 159.000000
26500 122.000000
26600 159.000000
26700 196.000000
26800 196.000000
26900 233.000000
27000 85.000000
27100 270.000000
27200 159.000000
27300 122.000000
27400 159.000000
27500 122.000000
27600 196.000000
27700 131.000000
27800 159.000000
27900 196.000000
28000 159.000000
28100 159.000000
28200 139.000000
28300 196.000000
28400 122.000000
28500 159.000000
28600 85.000000
28700 159.000000
28800 196.000000
28900 233.000000
29000 159.000000
29100 159.000000
29200 122.000000
29300 233.000000
29400 196.000000
29500 159.000000
29600 159.000000
29700 159.000000
29800 159.000000
29900 233.000000
30000 159.000000
30100 159.000000
30200 196.000000
30300 196.000000
30400 233.000000
30500 159.000000
30600 122.000000
30700 159.000000
30800 196.000000
30900 122.000000
31000 196.000000
31100 233.000000
31200 122.000000
31300 159.000000
31400 233.000000
31500 159.000000
31600 196.000000
31700 196.000000
31800 196.000000
31900 196.000000
32000 122.000000
32100 196.000000
32200 159.000000
32300 196.000000
32400 233.000000
32500 196.000000
32600 159.000000
32700 307.000000
32800 196.000000
32900 233.000000
33000 159.000000
33100 233.000000
33200 159.000000
33300 233.000000
33400 196.000000
33500 159.000000
33600 233.000000
33700 196.000000
33800 122.000000
33900 122.000000
34000 122.000000
34100 196.000000
34200 159.000000
34300 122.000000
34400 159.000000
34500 159.000000
34600 159.000000
34700 270.000000
34800 233.000000
34900 122.000000
35000 159.000000
35100 159.000000
35200 196.000000
35300 196.000000
35400 159.000000
35500 159.000000
35600 159.000000
35700 159.000000
35800 122.000000
35900 196.000000
36000 159.000000
36100 122.000000
36200 159.000000
36300 233.000000
36400 122.000000
36500 159.000000
36600 159.000000
36700 233.000000
36800 159.000000
36900 159.000000
37000 159.000000
37100 159.000000
37200 196.000000
37300 196.000000
37400 159.000000
37500 196.000000
37600 159.000000
37700 196.000000
37800 233.000000
37900 159.000000
38000 196.000000
38100 159.000000
38200 159.000000
38300 159.000000
38400 159.000000
38500 159.000000
38600 122.000000
38700 196.000000
38800 122.000000
38900 159.000000
39000 159.000000
39100 196.000000
39200 196.000000
39300 159.000000
39400 196.000000
39500 159.000000
39600 196.000000
39700 159.000000
39800 196.000000
39900 159.000000
40000 196.000000
40100 159.000000
40200 159.000000
40300 122.000000
40400 233.000000
40500 233.000000
40600 122.000000
40700 122.000000
40800 196.000000
40900 122.000000
41000 196.000000
41100 159.000000
41200 159.000000
41300 196.000000
41400 196.000000
41500 122.000000
41600 159.000000
41700 270.000000
41800 233.000000
41900 159.000000
42000 159.000000
42100 159.000000
42200 159.000000
42300 196.000000
42400 159.000000
42500 159.000000
42600 270.000000
42700 159.000000
42800 233.000000
42900 196.000000
43000 196.000000
43100 159.000000
43200 233.000000
43300 122.000000
43400 122.000000
43500 159.000000
43600 159.000000
43700 196.000000
43800 233.000000
43900 270.000000
44000 196.000000
44100 196.000000
44200 196.000000
44300 196.000000
44400 159.000000
44500 159.000000
44600 122.000000
44700 122.000000
44800 233.000000
44900 159.000000
45000 196.000000
45100 122.000000
45200 159.000000
45300 233.000000
45400 196.000000
45500 196.000000
45600 122.000000
45700 159.000000
45800 270.000000
45900 196.000000
46000 159.000000
46100 159.000000
46200 196.000000
46300 233.000000
46400 233.000000
46500 159.000000
46600 159.000000
46700 196.000000
46800 159.000000
46900 159.000000
47000 196.000000
47100 159.000000
47200 159.000000
47300 122.000000
47400 122.000000
47500 159.000000
47600 159.000000
47700 233.000000
47800 159.000000
47900 196.000000
48000 196.000000
48100 159.000000
48200 122.000000
48300 196.000000
48400 159.000000
48500 159.000000
48600 196.000000
48700 122.000000
48800 196.000000
48900 196.000000
49000 122.000000
49100 122.000000
49200 159.000000
49300 159.000000
49400 233.000000
49500 196.000000
49600 159.000000
49700 159.000000
49800 196.000000
49900 122.000000

real	26m27.952s
user	5m1.538s
sys	0m57.972s
<<<<>>>>
Continuos
./runTests.sh: line 16: ./suna: Is a directory

real	0m0.000s
user	0m0.000s
sys	0m0.000s
********
Run  4
Discrete
Environment: Roulette-v0
0 0.000000
100 122.000000
200 233.000000
300 233.000000
400 159.000000
500 159.000000
600 159.000000
700 159.000000
800 122.000000
900 196.000000
1000 196.000000
1100 196.000000
1200 196.000000
1300 233.000000
1400 196.000000
1500 122.000000
1600 159.000000
1700 196.000000
1800 122.000000
1900 159.000000
2000 122.000000
2100 159.000000
2200 122.000000
2300 233.000000
2400 196.000000
2500 164.000000
2600 196.000000
2700 148.000000
2800 159.000000
2900 159.000000
3000 233.000000
3100 196.000000
3200 159.000000
3300 137.000000
3400 159.000000
3500 122.000000
3600 159.000000
3700 196.000000
3800 159.000000
3900 196.000000
4000 122.000000
4100 122.000000
4200 196.000000
4300 233.000000
4400 159.000000
4500 159.000000
4600 196.000000
4700 196.000000
4800 270.000000
4900 122.000000
5000 159.000000
5100 235.000000
5200 159.000000
5300 159.000000
5400 196.000000
5500 159.000000
5600 159.000000
5700 122.000000
5800 161.000000
5900 233.000000
6000 159.000000
6100 159.000000
6200 159.000000
6300 159.000000
6400 196.000000
6500 159.000000
6600 122.000000
6700 159.000000
6800 159.000000
6900 159.000000
7000 159.000000
7100 196.000000
7200 233.000000
7300 196.000000
7400 122.000000
7500 233.000000
7600 159.000000
7700 159.000000
7800 159.000000
7900 159.000000
8000 196.000000
8100 122.000000
8200 159.000000
8300 159.000000
8400 344.000000
8500 196.000000
8600 196.000000
8700 159.000000
8800 233.000000
8900 159.000000
9000 196.000000
9100 196.000000
9200 196.000000
9300 122.000000
9400 122.000000
9500 159.000000
9600 159.000000
9700 233.000000
9800 159.000000
9900 159.000000
10000 159.000000
10100 196.000000
10200 122.000000
10300 270.000000
10400 196.000000
10500 159.000000
10600 159.000000
10700 159.000000
10800 159.000000
10900 196.000000
11000 233.000000
11100 233.000000
11200 122.000000
11300 196.000000
11400 159.000000
11500 122.000000
11600 196.000000
11700 159.000000
11800 122.000000
11900 233.000000
12000 122.000000
12100 159.000000
12200 159.000000
12300 196.000000
12400 159.000000
12500 122.000000
12600 196.000000
12700 196.000000
12800 159.000000
12900 196.000000
13000 159.000000
13100 270.000000
13200 233.000000
13300 196.000000
13400 159.000000
13500 159.000000
13600 196.000000
13700 233.000000
13800 196.000000
13900 122.000000
14000 196.000000
14100 122.000000
14200 233.000000
14300 159.000000
14400 122.000000
14500 233.000000
14600 270.000000
14700 159.000000
14800 196.000000
14900 122.000000
15000 233.000000
15100 159.000000
15200 122.000000
15300 159.000000
15400 159.000000
15500 159.000000
15600 159.000000
15700 122.000000
15800 159.000000
15900 159.000000
16000 196.000000
16100 122.000000
16200 196.000000
16300 159.000000
16400 196.000000
16500 159.000000
16600 159.000000
16700 159.000000
16800 122.000000
16900 159.000000
17000 159.000000
17100 233.000000
17200 122.000000
17300 122.000000
17400 196.000000
17500 159.000000
17600 159.000000
17700 159.000000
17800 196.000000
17900 233.000000
18000 233.000000
18100 159.000000
18200 159.000000
18300 196.000000
18400 159.000000
18500 233.000000
18600 159.000000
18700 233.000000
18800 159.000000
18900 196.000000
19000 159.000000
19100 159.000000
19200 196.000000
19300 122.000000
19400 122.000000
19500 122.000000
19600 196.000000
19700 196.000000
19800 159.000000
19900 159.000000
20000 159.000000
20100 233.000000
20200 196.000000
20300 159.000000
20400 196.000000
20500 122.000000
20600 159.000000
20700 159.000000
20800 159.000000
20900 233.000000
21000 196.000000
21100 196.000000
21200 233.000000
21300 122.000000
21400 159.000000
21500 159.000000
21600 159.000000
21700 196.000000
21800 196.000000
21900 233.000000
22000 122.000000
22100 196.000000
22200 270.000000
22300 122.000000
22400 122.000000
22500 122.000000
22600 159.000000
22700 159.000000
22800 196.000000
22900 233.000000
23000 196.000000
23100 159.000000
23200 122.000000
23300 122.000000
23400 159.000000
23500 159.000000
23600 196.000000
23700 196.000000
23800 159.000000
23900 159.000000
24000 159.000000
24100 122.000000
24200 233.000000
24300 159.000000
24400 196.000000
24500 159.000000
24600 159.000000
24700 233.000000
24800 159.000000
24900 196.000000
25000 159.000000
25100 196.000000
25200 159.000000
25300 196.000000
25400 196.000000
25500 122.000000
25600 176.000000
25700 196.000000
25800 159.000000
25900 159.000000
26000 196.000000
26100 159.000000
26200 196.000000
26300 159.000000
26400 270.000000
26500 196.000000
26600 196.000000
26700 196.000000
26800 159.000000
26900 196.000000
27000 159.000000
27100 233.000000
27200 159.000000
27300 122.000000
27400 159.000000
27500 159.000000
27600 233.000000
27700 122.000000
27800 196.000000
27900 196.000000
28000 122.000000
28100 122.000000
28200 159.000000
28300 233.000000
28400 159.000000
28500 122.000000
28600 196.000000
28700 159.000000
28800 159.000000
28900 159.000000
29000 159.000000
29100 159.000000
29200 159.000000
29300 159.000000
29400 122.000000
29500 159.000000
29600 122.000000
29700 122.000000
29800 233.000000
29900 122.000000
30000 122.000000
30100 196.000000
30200 233.000000
30300 159.000000
30400 122.000000
30500 159.000000
30600 159.000000
30700 159.000000
30800 159.000000
30900 196.000000
31000 159.000000
31100 233.000000
31200 159.000000
31300 159.000000
31400 159.000000
31500 159.000000
31600 233.000000
31700 159.000000
31800 159.000000
31900 159.000000
32000 122.000000
32100 122.000000
32200 122.000000
32300 196.000000
32400 196.000000
32500 196.000000
32600 122.000000
32700 159.000000
32800 196.000000
32900 196.000000
33000 233.000000
33100 196.000000
33200 159.000000
33300 159.000000
33400 122.000000
33500 196.000000
33600 159.000000
33700 159.000000
33800 233.000000
33900 196.000000
34000 122.000000
34100 196.000000
34200 122.000000
34300 159.000000
34400 159.000000
34500 233.000000
34600 159.000000
34700 233.000000
34800 159.000000
34900 159.000000
35000 159.000000
35100 196.000000
35200 159.000000
35300 233.000000
35400 159.000000
35500 122.000000
35600 196.000000
35700 196.000000
35800 159.000000
35900 122.000000
36000 159.000000
36100 159.000000
36200 270.000000
36300 196.000000
36400 233.000000
36500 122.000000
36600 159.000000
36700 196.000000
36800 233.000000
36900 159.000000
37000 122.000000
37100 233.000000
37200 159.000000
37300 122.000000
37400 233.000000
37500 196.000000
37600 159.000000
37700 159.000000
37800 122.000000
37900 196.000000
38000 159.000000
38100 159.000000
38200 233.000000
38300 270.000000
38400 159.000000
38500 159.000000
38600 159.000000
38700 270.000000
38800 159.000000
38900 122.000000
39000 122.000000
39100 122.000000
39200 159.000000
39300 196.000000
39400 122.000000
39500 196.000000
39600 159.000000
39700 159.000000
39800 233.000000
39900 122.000000
40000 196.000000
40100 161.000000
40200 159.000000
40300 124.000000
40400 196.000000
40500 196.000000
40600 196.000000
40700 233.000000
40800 233.000000
40900 159.000000
41000 159.000000
41100 233.000000
41200 196.000000
41300 159.000000
41400 159.000000
41500 196.000000
41600 159.000000
41700 196.000000
41800 159.000000
41900 159.000000
42000 159.000000
42100 196.000000
42200 307.000000
42300 159.000000
42400 233.000000
42500 196.000000
42600 196.000000
42700 159.000000
42800 122.000000
42900 159.000000
43000 159.000000
43100 124.000000
43200 122.000000
43300 196.000000
43400 122.000000
43500 159.000000
43600 159.000000
43700 122.000000
43800 159.000000
43900 196.000000
44000 196.000000
44100 196.000000
44200 270.000000
44300 159.000000
44400 159.000000
44500 270.000000
44600 196.000000
44700 159.000000
44800 233.000000
44900 122.000000
45000 159.000000
45100 196.000000
45200 122.000000
45300 85.000000
45400 122.000000
45500 122.000000
45600 159.000000
45700 196.000000
45800 233.000000
45900 122.000000
46000 159.000000
46100 196.000000
46200 196.000000
46300 196.000000
46400 196.000000
46500 196.000000
46600 159.000000
46700 233.000000
46800 159.000000
46900 196.000000
47000 233.000000
47100 122.000000
47200 196.000000
47300 196.000000
47400 233.000000
47500 122.000000
47600 122.000000
47700 159.000000
47800 159.000000
47900 196.000000
48000 196.000000
48100 196.000000
48200 159.000000
48300 196.000000
48400 159.000000
48500 159.000000
48600 233.000000
48700 159.000000
48800 122.000000
48900 122.000000
49000 159.000000
49100 270.000000
49200 196.000000
49300 122.000000
49400 159.000000
49500 122.000000
49600 196.000000
49700 122.000000
49800 159.000000
49900 122.000000

real	26m41.114s
user	4m56.893s
sys	0m59.238s
<<<<>>>>
Continuos
./runTests.sh: line 16: ./suna: Is a directory

real	0m0.000s
user	0m0.000s
sys	0m0.000s
********
Run  5
Discrete
Environment: Roulette-v0
0 0.000000
100 122.000000
200 196.000000
300 122.000000
400 159.000000
500 122.000000
600 85.000000
700 122.000000
800 196.000000
900 159.000000
1000 159.000000
1100 196.000000
1200 122.000000
1300 196.000000
1400 122.000000
1500 159.000000
1600 159.000000
1700 196.000000
1800 196.000000
1900 196.000000
2000 159.000000
2100 159.000000
2200 159.000000
2300 122.000000
2400 233.000000
2500 233.000000
2600 122.000000
2700 233.000000
2800 159.000000
2900 159.000000
3000 233.000000
3100 159.000000
3200 122.000000
3300 122.000000
3400 159.000000
3500 196.000000
3600 196.000000
3700 159.000000
3800 307.000000
3900 159.000000
4000 196.000000
4100 159.000000
4200 122.000000
4300 142.000000
4400 122.000000
4500 196.000000
4600 159.000000
4700 122.000000
4800 159.000000
4900 122.000000
5000 196.000000
5100 122.000000
5200 196.000000
5300 159.000000
5400 159.000000
5500 159.000000
5600 159.000000
5700 233.000000
5800 159.000000
5900 196.000000
6000 122.000000
6100 159.000000
6200 122.000000
6300 196.000000
6400 85.000000
6500 196.000000
6600 122.000000
6700 196.000000
6800 159.000000
6900 159.000000
7000 159.000000
7100 159.000000
7200 233.000000
7300 159.000000
7400 122.000000
7500 196.000000
7600 122.000000
7700 196.000000
7800 159.000000
7900 159.000000
8000 85.000000
8100 196.000000
8200 159.000000
8300 196.000000
8400 159.000000
8500 122.000000
8600 159.000000
8700 159.000000
8800 196.000000
8900 196.000000
9000 159.000000
9100 159.000000
9200 196.000000
9300 159.000000
9400 196.000000
9500 196.000000
9600 233.000000
9700 159.000000
9800 196.000000
9900 159.000000
10000 159.000000
10100 159.000000
10200 233.000000
10300 233.000000
10400 196.000000
10500 159.000000
10600 159.000000
10700 196.000000
10800 196.000000
10900 233.000000
11000 196.000000
11100 233.000000
11200 122.000000
11300 233.000000
11400 159.000000
11500 122.000000
11600 122.000000
11700 159.000000
11800 122.000000
11900 196.000000
12000 196.000000
12100 159.000000
12200 159.000000
12300 122.000000
12400 196.000000
12500 122.000000
12600 159.000000
12700 159.000000
12800 159.000000
12900 196.000000
13000 196.000000
13100 159.000000
13200 196.000000
13300 196.000000
13400 122.000000
13500 159.000000
13600 196.000000
13700 159.000000
13800 159.000000
13900 122.000000
14000 159.000000
14100 196.000000
14200 196.000000
14300 196.000000
14400 159.000000
14500 196.000000
14600 196.000000
14700 122.000000
14800 122.000000
14900 196.000000
15000 159.000000
15100 196.000000
15200 159.000000
15300 122.000000
15400 196.000000
15500 196.000000
15600 159.000000
15700 159.000000
15800 196.000000
15900 196.000000
16000 307.000000
16100 196.000000
16200 196.000000
16300 159.000000
16400 159.000000
16500 159.000000
16600 122.000000
16700 196.000000
16800 233.000000
16900 159.000000
17000 159.000000
17100 159.000000
17200 159.000000
17300 233.000000
17400 270.000000
17500 161.000000
17600 122.000000
17700 270.000000
17800 159.000000
17900 233.000000
18000 233.000000
18100 159.000000
18200 159.000000
18300 159.000000
18400 122.000000
18500 159.000000
18600 159.000000
18700 196.000000
18800 270.000000
18900 159.000000
19000 196.000000
19100 233.000000
19200 172.000000
19300 196.000000
19400 159.000000
19500 159.000000
19600 159.000000
19700 159.000000
19800 159.000000
19900 159.000000
20000 122.000000
20100 159.000000
20200 122.000000
20300 159.000000
20400 233.000000
20500 159.000000
20600 122.000000
20700 122.000000
20800 233.000000
20900 122.000000
21000 122.000000
21100 159.000000
21200 122.000000
21300 159.000000
21400 196.000000
21500 122.000000
21600 233.000000
21700 307.000000
21800 270.000000
21900 196.000000
22000 159.000000
22100 159.000000
22200 159.000000
22300 159.000000
22400 196.000000
22500 122.000000
22600 270.000000
22700 133.000000
22800 196.000000
22900 196.000000
23000 159.000000
23100 159.000000
23200 122.000000
23300 159.000000
23400 159.000000
23500 159.000000
23600 233.000000
23700 159.000000
23800 159.000000
23900 233.000000
24000 196.000000
24100 196.000000
24200 233.000000
24300 122.000000
24400 196.000000
24500 122.000000
24600 159.000000
24700 122.000000
24800 159.000000
24900 159.000000
25000 122.000000
25100 122.000000
25200 159.000000
25300 122.000000
25400 196.000000
25500 159.000000
25600 127.000000
25700 196.000000
25800 233.000000
25900 159.000000
26000 159.000000
26100 159.000000
26200 196.000000
26300 122.000000
26400 196.000000
26500 196.000000
26600 233.000000
26700 159.000000
26800 196.000000
26900 196.000000
27000 85.000000
27100 159.000000
27200 122.000000
27300 233.000000
27400 196.000000
27500 159.000000
27600 196.000000
27700 122.000000
27800 196.000000
27900 122.000000
28000 170.000000
28100 233.000000
28200 196.000000
28300 122.000000
28400 196.000000
28500 122.000000
28600 159.000000
28700 196.000000
28800 196.000000
28900 122.000000
29000 122.000000
29100 196.000000
29200 122.000000
29300 196.000000
29400 233.000000
29500 196.000000
29600 122.000000
29700 122.000000
29800 122.000000
29900 122.000000
30000 196.000000
30100 159.000000
30200 159.000000
30300 159.000000
30400 122.000000
30500 270.000000
30600 159.000000
30700 159.000000
30800 196.000000
30900 159.000000
31000 196.000000
31100 270.000000
31200 159.000000
31300 122.000000
31400 159.000000
31500 159.000000
31600 122.000000
31700 233.000000
31800 122.000000
31900 159.000000
32000 196.000000
32100 196.000000
32200 196.000000
32300 196.000000
32400 270.000000
32500 196.000000
32600 196.000000
32700 196.000000
32800 159.000000
32900 196.000000
33000 122.000000
33100 196.000000
33200 122.000000
33300 122.000000
33400 159.000000
33500 122.000000
33600 122.000000
33700 159.000000
33800 196.000000
33900 159.000000
34000 184.000000
34100 159.000000
34200 270.000000
34300 159.000000
34400 122.000000
34500 122.000000
34600 196.000000
34700 159.000000
34800 159.000000
34900 196.000000
35000 196.000000
35100 159.000000
35200 196.000000
35300 159.000000
35400 159.000000
35500 233.000000
35600 196.000000
35700 196.000000
35800 122.000000
35900 159.000000
36000 196.000000
36100 159.000000
36200 196.000000
36300 159.000000
36400 270.000000
36500 122.000000
36600 122.000000
36700 233.000000
36800 159.000000
36900 122.000000
37000 159.000000
37100 159.000000
37200 122.000000
37300 159.000000
37400 159.000000
37500 159.000000
37600 159.000000
37700 159.000000
37800 159.000000
37900 122.000000
38000 196.000000
38100 196.000000
38200 159.000000
38300 122.000000
38400 233.000000
38500 159.000000
38600 196.000000
38700 159.000000
38800 159.000000
38900 159.000000
39000 159.000000
39100 270.000000
39200 196.000000
39300 159.000000
39400 307.000000
39500 159.000000
39600 122.000000
39700 139.000000
39800 122.000000
39900 159.000000
40000 233.000000
40100 122.000000
40200 196.000000
40300 159.000000
40400 159.000000
40500 233.000000
40600 159.000000
40700 159.000000
40800 122.000000
40900 196.000000
41000 159.000000
41100 122.000000
41200 122.000000
41300 196.000000
41400 159.000000
41500 196.000000
41600 233.000000
41700 159.000000
41800 196.000000
41900 196.000000
42000 196.000000
42100 159.000000
42200 122.000000
42300 159.000000
42400 196.000000
42500 196.000000
42600 159.000000
42700 159.000000
42800 196.000000
42900 196.000000
43000 122.000000
43100 233.000000
43200 122.000000
43300 159.000000
43400 159.000000
43500 159.000000
43600 159.000000
43700 196.000000
43800 196.000000
43900 159.000000
44000 159.000000
44100 159.000000
44200 159.000000
44300 159.000000
44400 159.000000
44500 196.000000
44600 122.000000
44700 159.000000
44800 159.000000
44900 159.000000
45000 159.000000
45100 159.000000
45200 122.000000
45300 159.000000
45400 159.000000
45500 159.000000
45600 159.000000
45700 159.000000
45800 122.000000
45900 159.000000
46000 159.000000
46100 85.000000
46200 233.000000
46300 122.000000
46400 196.000000
46500 159.000000
46600 196.000000
46700 122.000000
46800 159.000000
46900 196.000000
47000 159.000000
47100 270.000000
47200 159.000000
47300 159.000000
47400 122.000000
47500 233.000000
47600 233.000000
47700 122.000000
47800 233.000000
47900 159.000000
48000 270.000000
48100 233.000000
48200 233.000000
48300 196.000000
48400 159.000000
48500 196.000000
48600 159.000000
48700 159.000000
48800 196.000000
48900 159.000000
49000 233.000000
49100 159.000000
49200 159.000000
49300 122.000000
49400 159.000000
49500 122.000000
49600 196.000000
49700 196.000000
49800 122.000000
49900 233.000000

real	26m54.234s
user	5m8.582s
sys	0m57.969s
<<<<>>>>
Continuos
./runTests.sh: line 16: ./suna: Is a directory

real	0m0.000s
user	0m0.000s
sys	0m0.000s
********
Run  6
Discrete
Environment: Roulette-v0
0 0.000000
100 122.000000
200 122.000000
300 196.000000
400 159.000000
500 381.000000
600 196.000000
700 159.000000
800 122.000000
900 159.000000
1000 159.000000
1100 122.000000
1200 196.000000
1300 159.000000
1400 196.000000
1500 159.000000
1600 233.000000
1700 196.000000
1800 196.000000
1900 159.000000
2000 159.000000
2100 196.000000
2200 196.000000
2300 196.000000
2400 159.000000
2500 270.000000
2600 159.000000
2700 196.000000
2800 159.000000
2900 196.000000
3000 159.000000
3100 159.000000
3200 159.000000
3300 233.000000
3400 233.000000
3500 196.000000
3600 122.000000
3700 159.000000
3800 159.000000
3900 196.000000
4000 159.000000
4100 159.000000
4200 159.000000
4300 122.000000
4400 159.000000
4500 196.000000
4600 196.000000
4700 159.000000
4800 159.000000
4900 196.000000
5000 233.000000
5100 159.000000
5200 122.000000
5300 233.000000
5400 233.000000
5500 122.000000
5600 122.000000
5700 159.000000
5800 122.000000
5900 122.000000
6000 161.000000
6100 122.000000
6200 196.000000
6300 159.000000
6400 159.000000
6500 159.000000
6600 122.000000
6700 198.000000
6800 159.000000
6900 159.000000
7000 196.000000
7100 233.000000
7200 159.000000
7300 196.000000
7400 159.000000
7500 233.000000
7600 159.000000
7700 122.000000
7800 233.000000
7900 159.000000
8000 196.000000
8100 159.000000
8200 159.000000
8300 196.000000
8400 270.000000
8500 196.000000
8600 122.000000
8700 159.000000
8800 233.000000
8900 122.000000
9000 159.000000
9100 159.000000
9200 196.000000
9300 233.000000
9400 159.000000
9500 196.000000
9600 196.000000
9700 196.000000
9800 159.000000
9900 270.000000
10000 159.000000
10100 159.000000
10200 159.000000
10300 85.000000
10400 122.000000
10500 165.000000
10600 159.000000
10700 196.000000
10800 270.000000
10900 159.000000
11000 196.000000
11100 159.000000
11200 122.000000
11300 159.000000
11400 126.000000
11500 159.000000
11600 196.000000
11700 196.000000
11800 196.000000
11900 159.000000
12000 196.000000
12100 122.000000
12200 159.000000
12300 122.000000
12400 159.000000
12500 233.000000
12600 124.000000
12700 159.000000
12800 122.000000
12900 148.000000
13000 233.000000
13100 159.000000
13200 159.000000
13300 159.000000
13400 233.000000
13500 233.000000
13600 196.000000
13700 122.000000
13800 196.000000
13900 159.000000
14000 122.000000
14100 233.000000
14200 196.000000
14300 159.000000
14400 159.000000
14500 159.000000
14600 159.000000
14700 233.000000
14800 122.000000
14900 196.000000
15000 233.000000
15100 159.000000
15200 122.000000
15300 159.000000
15400 233.000000
15500 122.000000
15600 122.000000
15700 233.000000
15800 122.000000
15900 196.000000
16000 159.000000
16100 159.000000
16200 196.000000
16300 196.000000
16400 159.000000
16500 122.000000
16600 159.000000
16700 122.000000
16800 122.000000
16900 159.000000
17000 196.000000
17100 270.000000
17200 159.000000
17300 159.000000
17400 196.000000
17500 159.000000
17600 159.000000
17700 159.000000
17800 122.000000
17900 196.000000
18000 196.000000
18100 196.000000
18200 159.000000
18300 196.000000
18400 159.000000
18500 196.000000
18600 159.000000
18700 159.000000
18800 196.000000
18900 159.000000
19000 159.000000
19100 196.000000
19200 122.000000
19300 159.000000
19400 196.000000
19500 233.000000
19600 196.000000
19700 122.000000
19800 196.000000
19900 196.000000
20000 159.000000
20100 159.000000
20200 122.000000
20300 122.000000
20400 159.000000
20500 122.000000
20600 159.000000
20700 196.000000
20800 159.000000
20900 122.000000
21000 122.000000
21100 233.000000
21200 159.000000
21300 159.000000
21400 122.000000
21500 159.000000
21600 122.000000
21700 159.000000
21800 159.000000
21900 233.000000
22000 196.000000
22100 159.000000
22200 196.000000
22300 159.000000
22400 196.000000
22500 233.000000
22600 196.000000
22700 159.000000
22800 159.000000
22900 159.000000
23000 122.000000
23100 270.000000
23200 159.000000
23300 122.000000
23400 122.000000
23500 122.000000
23600 159.000000
23700 196.000000
23800 233.000000
23900 196.000000
24000 159.000000
24100 159.000000
24200 196.000000
24300 159.000000
24400 233.000000
24500 196.000000
24600 196.000000
24700 233.000000
24800 159.000000
24900 196.000000
25000 122.000000
25100 159.000000
25200 122.000000
25300 159.000000
25400 196.000000
25500 233.000000
25600 159.000000
25700 122.000000
25800 159.000000
25900 159.000000
26000 159.000000
26100 159.000000
26200 196.000000
26300 159.000000
26400 122.000000
26500 159.000000
26600 159.000000
26700 122.000000
26800 196.000000
26900 122.000000
27000 122.000000
27100 159.000000
27200 159.000000
27300 159.000000
27400 159.000000
27500 159.000000
27600 122.000000
27700 122.000000
27800 159.000000
27900 233.000000
28000 122.000000
28100 159.000000
28200 159.000000
28300 270.000000
28400 196.000000
28500 196.000000
28600 233.000000
28700 122.000000
28800 196.000000
28900 196.000000
29000 233.000000
29100 122.000000
29200 159.000000
29300 159.000000
29400 159.000000
29500 122.000000
29600 196.000000
29700 159.000000
29800 122.000000
29900 159.000000
30000 122.000000
30100 159.000000
30200 85.000000
30300 159.000000
30400 159.000000
30500 196.000000
30600 161.000000
30700 196.000000
30800 233.000000
30900 159.000000
31000 159.000000
31100 196.000000
31200 196.000000
31300 196.000000
31400 233.000000
31500 159.000000
31600 270.000000
31700 159.000000
31800 122.000000
31900 196.000000
32000 196.000000
32100 122.000000
32200 122.000000
32300 167.000000
32400 159.000000
32500 122.000000
32600 196.000000
32700 196.000000
32800 307.000000
32900 159.000000
33000 122.000000
33100 233.000000
33200 159.000000
33300 196.000000
33400 159.000000
33500 159.000000
33600 196.000000
33700 159.000000
33800 196.000000
33900 159.000000
34000 159.000000
34100 159.000000
34200 159.000000
34300 196.000000
34400 196.000000
34500 159.000000
34600 159.000000
34700 122.000000
34800 159.000000
34900 122.000000
35000 124.000000
35100 159.000000
35200 233.000000
35300 159.000000
35400 196.000000
35500 159.000000
35600 196.000000
35700 159.000000
35800 270.000000
35900 196.000000
36000 122.000000
36100 196.000000
36200 196.000000
36300 159.000000
36400 159.000000
36500 122.000000
36600 122.000000
36700 159.000000
36800 233.000000
36900 85.000000
37000 159.000000
37100 122.000000
37200 196.000000
37300 196.000000
37400 159.000000
37500 159.000000
37600 159.000000
37700 159.000000
37800 159.000000
37900 159.000000
38000 159.000000
38100 122.000000
38200 159.000000
38300 233.000000
38400 270.000000
38500 198.000000
38600 122.000000
38700 122.000000
38800 233.000000
38900 159.000000
39000 233.000000
39100 196.000000
39200 233.000000
39300 196.000000
39400 159.000000
39500 233.000000
39600 159.000000
39700 196.000000
39800 196.000000
39900 159.000000
40000 196.000000
40100 270.000000
40200 233.000000
40300 196.000000
40400 159.000000
40500 196.000000
40600 159.000000
40700 85.000000
40800 159.000000
40900 196.000000
41000 159.000000
41100 159.000000
41200 196.000000
41300 159.000000
41400 159.000000
41500 159.000000
41600 196.000000
41700 233.000000
41800 159.000000
41900 159.000000
42000 122.000000
42100 122.000000
42200 233.000000
42300 159.000000
42400 196.000000
42500 159.000000
42600 159.000000
42700 159.000000
42800 159.000000
42900 233.000000
43000 159.000000
43100 159.000000
43200 196.000000
43300 159.000000
43400 159.000000
43500 159.000000
43600 196.000000
43700 159.000000
43800 196.000000
43900 159.000000
44000 233.000000
44100 159.000000
44200 159.000000
44300 159.000000
44400 159.000000
44500 159.000000
44600 159.000000
44700 159.000000
44800 159.000000
44900 159.000000
45000 196.000000
45100 122.000000
45200 196.000000
45300 159.000000
45400 159.000000
45500 159.000000
45600 159.000000
45700 122.000000
45800 159.000000
45900 159.000000
46000 233.000000
46100 196.000000
46200 159.000000
46300 159.000000
46400 270.000000
46500 159.000000
46600 159.000000
46700 159.000000
46800 159.000000
46900 122.000000
47000 196.000000
47100 196.000000
47200 159.000000
47300 159.000000
47400 159.000000
47500 122.000000
47600 159.000000
47700 159.000000
47800 196.000000
47900 122.000000
48000 196.000000
48100 159.000000
48200 159.000000
48300 159.000000
48400 159.000000
48500 159.000000
48600 122.000000
48700 196.000000
48800 196.000000
48900 233.000000
49000 122.000000
49100 159.000000
49200 122.000000
49300 122.000000
49400 159.000000
49500 122.000000
49600 159.000000
49700 196.000000
49800 122.000000
49900 159.000000

real	26m44.966s
user	5m0.995s
sys	0m58.311s
<<<<>>>>
Continuos
./runTests.sh: line 16: ./suna: Is a directory

real	0m0.000s
user	0m0.000s
sys	0m0.000s
********
Run  7
Discrete
Environment: Roulette-v0
0 48.000000
100 307.000000
200 159.000000
300 196.000000
400 122.000000
500 196.000000
600 122.000000
700 196.000000
800 233.000000
900 233.000000
1000 196.000000
1100 235.000000
1200 159.000000
1300 159.000000
1400 196.000000
1500 122.000000
1600 159.000000
1700 122.000000
1800 159.000000
1900 159.000000
2000 233.000000
2100 159.000000
2200 159.000000
2300 159.000000
2400 159.000000
2500 122.000000
2600 196.000000
2700 196.000000
2800 159.000000
2900 159.000000
3000 159.000000
3100 159.000000
3200 196.000000
3300 159.000000
3400 122.000000
3500 233.000000
3600 159.000000
3700 159.000000
3800 122.000000
3900 233.000000
4000 122.000000
4100 196.000000
4200 196.000000
4300 307.000000
4400 159.000000
4500 196.000000
4600 233.000000
4700 159.000000
4800 159.000000
4900 159.000000
5000 159.000000
5100 159.000000
5200 196.000000
5300 85.000000
5400 122.000000
5500 159.000000
5600 159.000000
5700 159.000000
5800 159.000000
5900 122.000000
6000 196.000000
6100 122.000000
6200 196.000000
6300 196.000000
6400 159.000000
6500 233.000000
6600 159.000000
6700 122.000000
6800 159.000000
6900 233.000000
7000 159.000000
7100 233.000000
7200 196.000000
7300 196.000000
7400 159.000000
7500 159.000000
7600 122.000000
7700 159.000000
7800 196.000000
7900 122.000000
8000 159.000000
8100 159.000000
8200 122.000000
8300 122.000000
8400 122.000000
8500 196.000000
8600 196.000000
8700 196.000000
8800 196.000000
8900 159.000000
9000 159.000000
9100 159.000000
9200 196.000000
9300 196.000000
9400 159.000000
9500 122.000000
9600 159.000000
9700 122.000000
9800 233.000000
9900 159.000000
10000 159.000000
10100 196.000000
10200 196.000000
10300 159.000000
10400 159.000000
10500 122.000000
10600 196.000000
10700 159.000000
10800 196.000000
10900 122.000000
11000 159.000000
11100 159.000000
11200 196.000000
11300 159.000000
11400 159.000000
11500 196.000000
11600 233.000000
11700 159.000000
11800 196.000000
11900 233.000000
12000 196.000000
12100 196.000000
12200 233.000000
12300 233.000000
12400 122.000000
12500 159.000000
12600 122.000000
12700 196.000000
12800 159.000000
12900 122.000000
13000 159.000000
13100 196.000000
13200 307.000000
13300 196.000000
13400 196.000000
13500 122.000000
13600 196.000000
13700 159.000000
13800 307.000000
13900 233.000000
14000 159.000000
14100 196.000000
14200 196.000000
14300 196.000000
14400 159.000000
14500 159.000000
14600 196.000000
14700 122.000000
14800 159.000000
14900 233.000000
15000 159.000000
15100 233.000000
15200 196.000000
15300 159.000000
15400 196.000000
15500 159.000000
15600 159.000000
15700 122.000000
15800 233.000000
15900 159.000000
16000 233.000000
16100 233.000000
16200 122.000000
16300 159.000000
16400 196.000000
16500 233.000000
16600 122.000000
16700 159.000000
16800 196.000000
16900 159.000000
17000 159.000000
17100 159.000000
17200 196.000000
17300 122.000000
17400 159.000000
17500 196.000000
17600 159.000000
17700 159.000000
17800 196.000000
17900 122.000000
18000 233.000000
18100 85.000000
18200 159.000000
18300 196.000000
18400 196.000000
18500 196.000000
18600 233.000000
18700 159.000000
18800 159.000000
18900 159.000000
19000 159.000000
19100 159.000000
19200 159.000000
19300 122.000000
19400 159.000000
19500 196.000000
19600 122.000000
19700 159.000000
19800 159.000000
19900 196.000000
20000 159.000000
20100 233.000000
20200 122.000000
20300 85.000000
20400 196.000000
20500 233.000000
20600 159.000000
20700 270.000000
20800 159.000000
20900 122.000000
21000 159.000000
21100 196.000000
21200 270.000000
21300 159.000000
21400 159.000000
21500 196.000000
21600 122.000000
21700 122.000000
21800 196.000000
21900 159.000000
22000 196.000000
22100 270.000000
22200 196.000000
22300 159.000000
22400 159.000000
22500 196.000000
22600 233.000000
22700 122.000000
22800 159.000000
22900 159.000000
23000 159.000000
23100 233.000000
23200 159.000000
23300 196.000000
23400 196.000000
23500 233.000000
23600 159.000000
23700 196.000000
23800 307.000000
23900 159.000000
24000 196.000000
24100 196.000000
24200 159.000000
24300 159.000000
24400 159.000000
24500 196.000000
24600 233.000000
24700 159.000000
24800 122.000000
24900 159.000000
25000 122.000000
25100 159.000000
25200 159.000000
25300 122.000000
25400 196.000000
25500 270.000000
25600 233.000000
25700 159.000000
25800 122.000000
25900 122.000000
26000 196.000000
26100 196.000000
26200 122.000000
26300 159.000000
26400 159.000000
26500 159.000000
26600 233.000000
26700 196.000000
26800 159.000000
26900 159.000000
27000 122.000000
27100 196.000000
27200 122.000000
27300 159.000000
27400 233.000000
27500 122.000000
27600 159.000000
27700 122.000000
27800 159.000000
27900 159.000000
28000 196.000000
28100 196.000000
28200 159.000000
28300 233.000000
28400 159.000000
28500 159.000000
28600 159.000000
28700 159.000000
28800 233.000000
28900 122.000000
29000 159.000000
29100 233.000000
29200 196.000000
29300 196.000000
29400 159.000000
29500 196.000000
29600 196.000000
29700 159.000000
29800 159.000000
29900 159.000000
30000 196.000000
30100 159.000000
30200 196.000000
30300 196.000000
30400 159.000000
30500 122.000000
30600 196.000000
30700 159.000000
30800 159.000000
30900 196.000000
31000 159.000000
31100 233.000000
31200 196.000000
31300 196.000000
31400 196.000000
31500 159.000000
31600 196.000000
31700 159.000000
31800 196.000000
31900 122.000000
32000 196.000000
32100 159.000000
32200 233.000000
32300 159.000000
32400 159.000000
32500 233.000000
32600 159.000000
32700 159.000000
32800 159.000000
32900 196.000000
33000 159.000000
33100 159.000000
33200 196.000000
33300 159.000000
33400 159.000000
33500 196.000000
33600 233.000000
33700 159.000000
33800 159.000000
33900 196.000000
34000 233.000000
34100 159.000000
34200 122.000000
34300 233.000000
34400 159.000000
34500 159.000000
34600 122.000000
34700 122.000000
34800 196.000000
34900 159.000000
35000 159.000000
35100 159.000000
35200 159.000000
35300 126.000000
35400 233.000000
35500 122.000000
35600 159.000000
35700 159.000000
35800 233.000000
35900 159.000000
36000 159.000000
36100 159.000000
36200 196.000000
36300 233.000000
36400 233.000000
36500 196.000000
36600 196.000000
36700 159.000000
36800 233.000000
36900 196.000000
37000 159.000000
37100 159.000000
37200 196.000000
37300 122.000000
37400 233.000000
37500 159.000000
37600 233.000000
37700 196.000000
37800 159.000000
37900 159.000000
38000 233.000000
38100 196.000000
38200 455.000000
38300 159.000000
38400 196.000000
38500 122.000000
38600 233.000000
38700 122.000000
38800 122.000000
38900 122.000000
39000 122.000000
39100 270.000000
39200 122.000000
39300 196.000000
39400 122.000000
39500 196.000000
39600 196.000000
39700 233.000000
39800 159.000000
39900 233.000000
40000 233.000000
40100 159.000000
40200 233.000000
40300 196.000000
40400 196.000000
40500 122.000000
40600 196.000000
40700 233.000000
40800 196.000000
40900 196.000000
41000 159.000000
41100 159.000000
41200 159.000000
41300 196.000000
41400 196.000000
41500 307.000000
41600 159.000000
41700 196.000000
41800 196.000000
41900 196.000000
42000 196.000000
42100 233.000000
42200 159.000000
42300 122.000000
42400 159.000000
42500 196.000000
42600 122.000000
42700 196.000000
42800 233.000000
42900 196.000000
43000 159.000000
43100 159.000000
43200 122.000000
43300 159.000000
43400 196.000000
43500 196.000000
43600 270.000000
43700 122.000000
43800 233.000000
43900 159.000000
44000 122.000000
44100 159.000000
44200 233.000000
44300 159.000000
44400 159.000000
44500 196.000000
44600 196.000000
44700 196.000000
44800 122.000000
44900 159.000000
45000 233.000000
45100 122.000000
45200 270.000000
45300 233.000000
45400 159.000000
45500 122.000000
45600 159.000000
45700 159.000000
45800 159.000000
45900 122.000000
46000 196.000000
46100 196.000000
46200 122.000000
46300 196.000000
46400 233.000000
46500 196.000000
46600 122.000000
46700 159.000000
46800 159.000000
46900 122.000000
47000 159.000000
47100 196.000000
47200 159.000000
47300 307.000000
47400 122.000000
47500 122.000000
47600 196.000000
47700 196.000000
47800 159.000000
47900 196.000000
48000 159.000000
48100 196.000000
48200 196.000000
48300 159.000000
48400 159.000000
48500 122.000000
48600 159.000000
48700 159.000000
48800 159.000000
48900 196.000000
49000 122.000000
49100 159.000000
49200 233.000000
49300 122.000000
49400 159.000000
49500 270.000000
49600 159.000000
49700 159.000000
49800 159.000000
49900 159.000000

real	27m55.009s
user	5m15.323s
sys	0m59.369s
<<<<>>>>
Continuos
./runTests.sh: line 16: ./suna: Is a directory

real	0m0.000s
user	0m0.000s
sys	0m0.000s
********
Run  8
Discrete
Environment: Roulette-v0
0 48.000000
100 122.000000
200 196.000000
300 122.000000
400 122.000000
500 122.000000
600 122.000000
700 159.000000
800 270.000000
900 159.000000
1000 159.000000
1100 159.000000
1200 159.000000
1300 196.000000
1400 159.000000
1500 159.000000
1600 159.000000
1700 122.000000
1800 196.000000
1900 159.000000
2000 159.000000
2100 233.000000
2200 122.000000
2300 196.000000
2400 159.000000
2500 159.000000
2600 233.000000
2700 196.000000
2800 159.000000
2900 159.000000
3000 122.000000
3100 159.000000
3200 159.000000
3300 122.000000
3400 159.000000
3500 233.000000
3600 122.000000
3700 196.000000
3800 235.000000
3900 85.000000
4000 233.000000
4100 307.000000
4200 196.000000
4300 159.000000
4400 159.000000
4500 159.000000
4600 196.000000
4700 122.000000
4800 122.000000
4900 196.000000
5000 122.000000
5100 122.000000
5200 159.000000
5300 196.000000
5400 122.000000
5500 196.000000
5600 196.000000
5700 161.000000
5800 196.000000
5900 196.000000
6000 159.000000
6100 159.000000
6200 159.000000
6300 122.000000
6400 196.000000
6500 159.000000
6600 159.000000
6700 196.000000
6800 196.000000
6900 159.000000
7000 270.000000
7100 159.000000
7200 122.000000
7300 159.000000
7400 196.000000
7500 159.000000
7600 233.000000
7700 159.000000
7800 233.000000
7900 159.000000
8000 196.000000
8100 233.000000
8200 159.000000
8300 196.000000
8400 233.000000
8500 159.000000
8600 159.000000
8700 159.000000
8800 159.000000
8900 159.000000
9000 196.000000
9100 196.000000
9200 122.000000
9300 233.000000
9400 196.000000
9500 196.000000
9600 196.000000
9700 159.000000
9800 159.000000
9900 196.000000
10000 159.000000
10100 233.000000
10200 122.000000
10300 270.000000
10400 122.000000
10500 159.000000
10600 159.000000
10700 159.000000
10800 233.000000
10900 159.000000
11000 233.000000
11100 159.000000
11200 122.000000
11300 159.000000
11400 122.000000
11500 122.000000
11600 233.000000
11700 122.000000
11800 196.000000
11900 159.000000
12000 159.000000
12100 233.000000
12200 159.000000
12300 122.000000
12400 122.000000
12500 233.000000
12600 159.000000
12700 159.000000
12800 159.000000
12900 159.000000
13000 196.000000
13100 196.000000
13200 196.000000
13300 159.000000
13400 196.000000
13500 159.000000
13600 196.000000
13700 159.000000
13800 122.000000
13900 159.000000
14000 122.000000
14100 196.000000
14200 196.000000
14300 159.000000
14400 159.000000
14500 122.000000
14600 122.000000
14700 196.000000
14800 122.000000
14900 159.000000
15000 196.000000
15100 159.000000
15200 233.000000
15300 270.000000
15400 196.000000
15500 122.000000
15600 122.000000
15700 270.000000
15800 196.000000
15900 159.000000
16000 196.000000
16100 159.000000
16200 159.000000
16300 159.000000
16400 159.000000
16500 159.000000
16600 159.000000
16700 196.000000
16800 196.000000
16900 159.000000
17000 159.000000
17100 159.000000
17200 159.000000
17300 159.000000
17400 159.000000
17500 159.000000
17600 233.000000
17700 122.000000
17800 159.000000
17900 196.000000
18000 196.000000
18100 159.000000
18200 159.000000
18300 122.000000
18400 196.000000
18500 196.000000
18600 122.000000
18700 85.000000
18800 159.000000
18900 122.000000
19000 233.000000
19100 122.000000
19200 196.000000
19300 159.000000
19400 159.000000
19500 159.000000
19600 159.000000
19700 159.000000
19800 196.000000
19900 159.000000
20000 122.000000
20100 159.000000
20200 159.000000
20300 85.000000
20400 159.000000
20500 196.000000
20600 122.000000
20700 233.000000
20800 159.000000
20900 196.000000
21000 122.000000
21100 196.000000
21200 196.000000
21300 159.000000
21400 196.000000
21500 159.000000
21600 122.000000
21700 159.000000
21800 196.000000
21900 122.000000
22000 159.000000
22100 196.000000
22200 270.000000
22300 233.000000
22400 196.000000
22500 159.000000
22600 159.000000
22700 122.000000
22800 196.000000
22900 196.000000
23000 196.000000
23100 344.000000
23200 159.000000
23300 196.000000
23400 159.000000
23500 196.000000
23600 159.000000
23700 159.000000
23800 196.000000
23900 159.000000
24000 122.000000
24100 122.000000
24200 233.000000
24300 159.000000
24400 159.000000
24500 196.000000
24600 159.000000
24700 122.000000
24800 122.000000
24900 196.000000
25000 159.000000
25100 159.000000
25200 159.000000
25300 159.000000
25400 159.000000
25500 196.000000
25600 122.000000
25700 159.000000
25800 196.000000
25900 122.000000
26000 159.000000
26100 122.000000
26200 233.000000
26300 196.000000
26400 122.000000
26500 196.000000
26600 196.000000
26700 122.000000
26800 159.000000
26900 196.000000
27000 159.000000
27100 159.000000
27200 196.000000
27300 159.000000
27400 159.000000
27500 122.000000
27600 233.000000
27700 233.000000
27800 196.000000
27900 159.000000
28000 159.000000
28100 196.000000
28200 122.000000
28300 270.000000
28400 159.000000
28500 196.000000
28600 159.000000
28700 196.000000
28800 122.000000
28900 159.000000
29000 196.000000
29100 159.000000
29200 196.000000
29300 159.000000
29400 122.000000
29500 122.000000
29600 270.000000
29700 159.000000
29800 159.000000
29900 196.000000
30000 122.000000
30100 159.000000
30200 270.000000
30300 159.000000
30400 196.000000
30500 159.000000
30600 196.000000
30700 196.000000
30800 159.000000
30900 159.000000
31000 159.000000
31100 159.000000
31200 270.000000
31300 196.000000
31400 122.000000
31500 122.000000
31600 159.000000
31700 233.000000
31800 233.000000
31900 159.000000
32000 159.000000
32100 159.000000
32200 196.000000
32300 85.000000
32400 270.000000
32500 122.000000
32600 233.000000
32700 159.000000
32800 122.000000
32900 159.000000
33000 196.000000
33100 196.000000
33200 196.000000
33300 196.000000
33400 196.000000
33500 159.000000
33600 122.000000
33700 159.000000
33800 159.000000
33900 159.000000
34000 233.000000
34100 159.000000
34200 122.000000
34300 159.000000
34400 196.000000
34500 196.000000
34600 159.000000
34700 159.000000
34800 159.000000
34900 196.000000
35000 196.000000
35100 307.000000
35200 196.000000
35300 159.000000
35400 159.000000
35500 159.000000
35600 233.000000
35700 196.000000
35800 159.000000
35900 159.000000
36000 196.000000
36100 159.000000
36200 159.000000
36300 85.000000
36400 159.000000
36500 159.000000
36600 122.000000
36700 122.000000
36800 196.000000
36900 122.000000
37000 159.000000
37100 196.000000
37200 159.000000
37300 159.000000
37400 122.000000
37500 159.000000
37600 196.000000
37700 159.000000
37800 122.000000
37900 233.000000
38000 196.000000
38100 159.000000
38200 159.000000
38300 122.000000
38400 159.000000
38500 122.000000
38600 159.000000
38700 196.000000
38800 233.000000
38900 196.000000
39000 122.000000
39100 159.000000
39200 159.000000
39300 196.000000
39400 233.000000
39500 159.000000
39600 159.000000
39700 122.000000
39800 159.000000
39900 122.000000
40000 159.000000
40100 159.000000
40200 159.000000
40300 159.000000
40400 159.000000
40500 122.000000
40600 196.000000
40700 159.000000
40800 159.000000
40900 196.000000
41000 159.000000
41100 159.000000
41200 196.000000
41300 233.000000
41400 85.000000
41500 196.000000
41600 196.000000
41700 159.000000
41800 122.000000
41900 307.000000
42000 122.000000
42100 159.000000
42200 122.000000
42300 196.000000
42400 159.000000
42500 122.000000
42600 196.000000
42700 196.000000
42800 159.000000
42900 159.000000
43000 159.000000
43100 270.000000
43200 196.000000
43300 159.000000
43400 233.000000
43500 196.000000
43600 196.000000
43700 233.000000
43800 159.000000
43900 159.000000
44000 196.000000
44100 196.000000
44200 159.000000
44300 159.000000
44400 122.000000
44500 196.000000
44600 196.000000
44700 159.000000
44800 233.000000
44900 307.000000
45000 159.000000
45100 159.000000
45200 196.000000
45300 159.000000
45400 122.000000
45500 159.000000
45600 122.000000
45700 122.000000
45800 196.000000
45900 122.000000
46000 159.000000
46100 122.000000
46200 196.000000
46300 233.000000
46400 159.000000
46500 159.000000
46600 196.000000
46700 159.000000
46800 159.000000
46900 196.000000
47000 159.000000
47100 159.000000
47200 159.000000
47300 196.000000
47400 196.000000
47500 122.000000
47600 122.000000
47700 196.000000
47800 159.000000
47900 196.000000
48000 122.000000
48100 196.000000
48200 233.000000
48300 159.000000
48400 159.000000
48500 122.000000
48600 159.000000
48700 196.000000
48800 159.000000
48900 159.000000
49000 159.000000
49100 122.000000
49200 196.000000
49300 159.000000
49400 196.000000
49500 159.000000
49600 122.000000
49700 196.000000
49800 233.000000
49900 196.000000

real	27m16.092s
user	5m6.748s
sys	0m57.876s
<<<<>>>>
Continuos
./runTests.sh: line 16: ./suna: Is a directory

real	0m0.000s
user	0m0.000s
sys	0m0.000s
********
Run  9
Discrete
Environment: Roulette-v0
0 0.000000
100 122.000000
200 122.000000
300 122.000000
400 122.000000
500 159.000000
600 270.000000
700 196.000000
800 122.000000
900 159.000000
1000 196.000000
1100 196.000000
1200 159.000000
1300 122.000000
1400 159.000000
1500 196.000000
1600 159.000000
1700 159.000000
1800 344.000000
1900 233.000000
2000 196.000000
2100 270.000000
2200 196.000000
2300 233.000000
2400 159.000000
2500 159.000000
2600 159.000000
2700 159.000000
2800 122.000000
2900 159.000000
3000 233.000000
3100 159.000000
3200 196.000000
3300 196.000000
3400 159.000000
3500 196.000000
3600 196.000000
3700 122.000000
3800 159.000000
3900 196.000000
4000 159.000000
4100 196.000000
4200 159.000000
4300 159.000000
4400 159.000000
4500 196.000000
4600 207.000000
4700 122.000000
4800 122.000000
4900 159.000000
5000 159.000000
5100 233.000000
5200 159.000000
5300 159.000000
5400 196.000000
5500 196.000000
5600 122.000000
5700 122.000000
5800 159.000000
5900 159.000000
6000 122.000000
6100 85.000000
6200 159.000000
6300 196.000000
6400 233.000000
6500 233.000000
6600 196.000000
6700 196.000000
6800 233.000000
6900 159.000000
7000 159.000000
7100 196.000000
7200 196.000000
7300 233.000000
7400 196.000000
7500 122.000000
7600 159.000000
7700 159.000000
7800 233.000000
7900 159.000000
8000 233.000000
8100 196.000000
8200 159.000000
8300 233.000000
8400 159.000000
8500 196.000000
8600 159.000000
8700 159.000000
8800 159.000000
8900 159.000000
9000 159.000000
9100 159.000000
9200 122.000000
9300 159.000000
9400 196.000000
9500 196.000000
9600 159.000000
9700 196.000000
9800 159.000000
9900 159.000000
10000 196.000000
10100 159.000000
10200 159.000000
10300 270.000000
10400 196.000000
10500 159.000000
10600 122.000000
10700 272.000000
10800 122.000000
10900 196.000000
11000 196.000000
11100 159.000000
11200 159.000000
11300 159.000000
11400 159.000000
11500 85.000000
11600 159.000000
11700 159.000000
11800 159.000000
11900 233.000000
12000 196.000000
12100 159.000000
12200 122.000000
12300 196.000000
12400 122.000000
12500 159.000000
12600 159.000000
12700 159.000000
12800 85.000000
12900 159.000000
13000 159.000000
13100 159.000000
13200 159.000000
13300 196.000000
13400 159.000000
13500 159.000000
13600 196.000000
13700 159.000000
13800 122.000000
13900 270.000000
14000 122.000000
14100 122.000000
14200 159.000000
14300 159.000000
14400 233.000000
14500 159.000000
14600 159.000000
14700 159.000000
14800 196.000000
14900 233.000000
15000 159.000000
15100 159.000000
15200 196.000000
15300 196.000000
15400 196.000000
15500 159.000000
15600 122.000000
15700 159.000000
15800 196.000000
15900 196.000000
16000 159.000000
16100 196.000000
16200 196.000000
16300 196.000000
16400 159.000000
16500 159.000000
16600 122.000000
16700 270.000000
16800 159.000000
16900 122.000000
17000 122.000000
17100 159.000000
17200 159.000000
17300 270.000000
17400 196.000000
17500 159.000000
17600 159.000000
17700 122.000000
17800 159.000000
17900 198.000000
18000 159.000000
18100 270.000000
18200 159.000000
18300 159.000000
18400 122.000000
18500 233.000000
18600 233.000000
18700 159.000000
18800 159.000000
18900 159.000000
19000 159.000000
19100 233.000000
19200 196.000000
19300 159.000000
19400 233.000000
19500 159.000000
19600 85.000000
19700 159.000000
19800 122.000000
19900 270.000000
20000 159.000000
20100 122.000000
20200 233.000000
20300 122.000000
20400 159.000000
20500 196.000000
20600 159.000000
20700 85.000000
20800 196.000000
20900 196.000000
21000 196.000000
21100 159.000000
21200 159.000000
21300 159.000000
21400 159.000000
21500 270.000000
21600 270.000000
21700 233.000000
21800 233.000000
21900 159.000000
22000 122.000000
22100 233.000000
22200 196.000000
22300 159.000000
22400 196.000000
22500 196.000000
22600 122.000000
22700 159.000000
22800 159.000000
22900 122.000000
23000 196.000000
23100 122.000000
23200 233.000000
23300 196.000000
23400 159.000000
23500 270.000000
23600 159.000000
23700 196.000000
23800 233.000000
23900 159.000000
24000 196.000000
24100 159.000000
24200 159.000000
24300 159.000000
24400 233.000000
24500 122.000000
24600 196.000000
24700 233.000000
24800 196.000000
24900 122.000000
25000 196.000000
25100 196.000000
25200 159.000000
25300 159.000000
25400 159.000000
25500 122.000000
25600 159.000000
25700 233.000000
25800 159.000000
25900 196.000000
26000 196.000000
26100 233.000000
26200 159.000000
26300 159.000000
26400 196.000000
26500 196.000000
26600 122.000000
26700 159.000000
26800 159.000000
26900 122.000000
27000 196.000000
27100 159.000000
27200 159.000000
27300 159.000000
27400 196.000000
27500 196.000000
27600 122.000000
27700 159.000000
27800 159.000000
27900 159.000000
28000 159.000000
28100 196.000000
28200 196.000000
28300 159.000000
28400 233.000000
28500 233.000000
28600 159.000000
28700 159.000000
28800 159.000000
28900 122.000000
29000 159.000000
29100 270.000000
29200 196.000000
29300 196.000000
29400 196.000000
29500 122.000000
29600 196.000000
29700 196.000000
29800 122.000000
29900 233.000000
30000 122.000000
30100 159.000000
30200 233.000000
30300 196.000000
30400 122.000000
30500 196.000000
30600 159.000000
30700 159.000000
30800 233.000000
30900 196.000000
31000 159.000000
31100 159.000000
31200 159.000000
31300 159.000000
31400 159.000000
31500 196.000000
31600 159.000000
31700 233.000000
31800 196.000000
31900 159.000000
32000 159.000000
32100 159.000000
32200 159.000000
32300 159.000000
32400 159.000000
32500 122.000000
32600 159.000000
32700 122.000000
32800 196.000000
32900 196.000000
33000 159.000000
33100 159.000000
33200 159.000000
33300 159.000000
33400 233.000000
33500 196.000000
33600 159.000000
33700 122.000000
33800 196.000000
33900 122.000000
34000 159.000000
34100 122.000000
34200 122.000000
34300 159.000000
34400 196.000000
34500 196.000000
34600 196.000000
34700 196.000000
34800 233.000000
34900 233.000000
35000 159.000000
35100 159.000000
35200 122.000000
35300 196.000000
35400 159.000000
35500 196.000000
35600 159.000000
35700 307.000000
35800 122.000000
35900 159.000000
36000 159.000000
36100 159.000000
36200 233.000000
36300 196.000000
36400 122.000000
36500 159.000000
36600 159.000000
36700 159.000000
36800 159.000000
36900 159.000000
37000 196.000000
37100 159.000000
37200 159.000000
37300 122.000000
37400 159.000000
37500 159.000000
37600 122.000000
37700 159.000000
37800 159.000000
37900 159.000000
38000 196.000000
38100 196.000000
38200 196.000000
38300 196.000000
38400 159.000000
38500 122.000000
38600 196.000000
38700 122.000000
38800 159.000000
38900 122.000000
39000 233.000000
39100 196.000000
39200 159.000000
39300 159.000000
39400 122.000000
39500 233.000000
39600 196.000000
39700 159.000000
39800 159.000000
39900 159.000000
40000 196.000000
40100 159.000000
40200 159.000000
40300 233.000000
40400 270.000000
40500 159.000000
40600 122.000000
40700 159.000000
40800 159.000000
40900 159.000000
41000 122.000000
41100 122.000000
41200 159.000000
41300 233.000000
41400 196.000000
41500 122.000000
41600 159.000000
41700 122.000000
41800 122.000000
41900 196.000000
42000 161.000000
42100 196.000000
42200 122.000000
42300 159.000000
42400 159.000000
42500 159.000000
42600 159.000000
42700 159.000000
42800 233.000000
42900 196.000000
43000 196.000000
43100 159.000000
43200 196.000000
43300 159.000000
43400 159.000000
43500 159.000000
43600 122.000000
43700 159.000000
43800 196.000000
43900 233.000000
44000 159.000000
44100 270.000000
44200 196.000000
44300 196.000000
44400 159.000000
44500 122.000000
44600 196.000000
44700 159.000000
44800 122.000000
44900 196.000000
45000 159.000000
45100 196.000000
45200 159.000000
45300 159.000000
45400 233.000000
45500 159.000000
45600 196.000000
45700 159.000000
45800 233.000000
45900 196.000000
46000 159.000000
46100 233.000000
46200 159.000000
46300 196.000000
46400 196.000000
46500 270.000000
46600 196.000000
46700 233.000000
46800 196.000000
46900 159.000000
47000 159.000000
47100 159.000000
47200 196.000000
47300 233.000000
47400 122.000000
47500 159.000000
47600 122.000000
47700 159.000000
47800 196.000000
47900 159.000000
48000 159.000000
48100 122.000000
48200 196.000000
48300 196.000000
48400 159.000000
48500 196.000000
48600 270.000000
48700 159.000000
48800 233.000000
48900 159.000000
49000 159.000000
49100 122.000000
49200 159.000000
49300 159.000000
49400 159.000000
49500 122.000000
49600 233.000000
49700 159.000000
49800 196.000000
49900 233.000000

real	27m12.774s
user	5m12.892s
sys	0m57.894s
<<<<>>>>
Continuos
./runTests.sh: line 16: ./suna: Is a directory

real	0m0.000s
user	0m0.000s
sys	0m0.000s
********
Run  10
Discrete
Environment: Roulette-v0
0 18.000000
100 159.000000
200 159.000000
300 196.000000
400 122.000000
500 159.000000
600 159.000000
700 137.000000
800 159.000000
900 196.000000
1000 270.000000
1100 159.000000
1200 122.000000
1300 196.000000
1400 122.000000
1500 85.000000
1600 122.000000
1700 122.000000
1800 196.000000
1900 159.000000
2000 122.000000
2100 196.000000
2200 196.000000
2300 196.000000
2400 196.000000
2500 159.000000
2600 122.000000
2700 122.000000
2800 159.000000
2900 159.000000
3000 159.000000
3100 196.000000
3200 159.000000
3300 159.000000
3400 196.000000
3500 196.000000
3600 196.000000
3700 233.000000
3800 159.000000
3900 159.000000
4000 159.000000
4100 159.000000
4200 196.000000
4300 159.000000
4400 196.000000
4500 159.000000
4600 122.000000
4700 196.000000
4800 196.000000
4900 196.000000
5000 196.000000
5100 233.000000
5200 159.000000
5300 159.000000
5400 196.000000
5500 196.000000
5600 85.000000
5700 122.000000
5800 122.000000
5900 159.000000
6000 196.000000
6100 122.000000
6200 196.000000
6300 159.000000
6400 196.000000
6500 196.000000
6600 159.000000
6700 122.000000
6800 122.000000
6900 122.000000
7000 233.000000
7100 233.000000
7200 159.000000
7300 159.000000
7400 122.000000
7500 196.000000
7600 270.000000
7700 159.000000
7800 270.000000
7900 122.000000
8000 159.000000
8100 196.000000
8200 122.000000
8300 159.000000
8400 122.000000
8500 159.000000
8600 307.000000
8700 233.000000
8800 159.000000
8900 196.000000
9000 233.000000
9100 196.000000
9200 122.000000
9300 122.000000
9400 233.000000
9500 159.000000
9600 159.000000
9700 196.000000
9800 159.000000
9900 196.000000
10000 159.000000
10100 196.000000
10200 233.000000
10300 159.000000
10400 159.000000
10500 159.000000
10600 159.000000
10700 122.000000
10800 159.000000
10900 233.000000
11000 196.000000
11100 159.000000
11200 196.000000
11300 196.000000
11400 196.000000
11500 196.000000
11600 159.000000
11700 122.000000
11800 159.000000
11900 196.000000
12000 159.000000
12100 233.000000
12200 159.000000
12300 159.000000
12400 159.000000
12500 159.000000
12600 159.000000
12700 196.000000
12800 159.000000
12900 196.000000
13000 159.000000
13100 159.000000
13200 159.000000
13300 159.000000
13400 196.000000
13500 196.000000
13600 307.000000
13700 159.000000
13800 196.000000
13900 159.000000
14000 159.000000
14100 159.000000
14200 159.000000
14300 159.000000
14400 159.000000
14500 122.000000
14600 159.000000
14700 196.000000
14800 159.000000
14900 159.000000
15000 159.000000
15100 196.000000
15200 159.000000
15300 159.000000
15400 233.000000
15500 159.000000
15600 196.000000
15700 159.000000
15800 196.000000
15900 159.000000
16000 159.000000
16100 122.000000
16200 159.000000
16300 196.000000
16400 196.000000
16500 159.000000
16600 233.000000
16700 196.000000
16800 159.000000
16900 159.000000
17000 122.000000
17100 196.000000
17200 137.000000
17300 196.000000
17400 122.000000
17500 159.000000
17600 159.000000
17700 159.000000
17800 159.000000
17900 196.000000
18000 233.000000
18100 196.000000
18200 233.000000
18300 159.000000
18400 233.000000
18500 196.000000
18600 159.000000
18700 122.000000
18800 196.000000
18900 159.000000
19000 196.000000
19100 159.000000
19200 196.000000
19300 233.000000
19400 122.000000
19500 159.000000
19600 122.000000
19700 270.000000
19800 196.000000
19900 122.000000
20000 159.000000
20100 159.000000
20200 159.000000
20300 159.000000
20400 233.000000
20500 196.000000
20600 196.000000
20700 159.000000
20800 196.000000
20900 159.000000
21000 196.000000
21100 159.000000
21200 122.000000
21300 159.000000
21400 196.000000
21500 159.000000
21600 196.000000
21700 196.000000
21800 196.000000
21900 85.000000
22000 122.000000
22100 122.000000
22200 196.000000
22300 196.000000
22400 196.000000
22500 159.000000
22600 196.000000
22700 159.000000
22800 196.000000
22900 122.000000
23000 122.000000
23100 159.000000
23200 159.000000
23300 122.000000
23400 122.000000
23500 196.000000
23600 159.000000
23700 196.000000
23800 159.000000
23900 196.000000
24000 122.000000
24100 159.000000
24200 196.000000
24300 159.000000
24400 270.000000
24500 122.000000
24600 159.000000
24700 233.000000
24800 159.000000
24900 159.000000
25000 159.000000
25100 159.000000
25200 233.000000
25300 122.000000
25400 159.000000
25500 122.000000
25600 196.000000
25700 233.000000
25800 159.000000
25900 196.000000
26000 270.000000
26100 196.000000
26200 233.000000
26300 196.000000
26400 159.000000
26500 159.000000
26600 196.000000
26700 233.000000
26800 122.000000
26900 159.000000
27000 159.000000
27100 233.000000
27200 159.000000
27300 233.000000
27400 159.000000
27500 196.000000
27600 196.000000
27700 159.000000
27800 122.000000
27900 159.000000
28000 159.000000
28100 122.000000
28200 122.000000
28300 159.000000
28400 196.000000
28500 122.000000
28600 270.000000
28700 196.000000
28800 159.000000
28900 159.000000
29000 196.000000
29100 196.000000
29200 159.000000
29300 196.000000
29400 159.000000
29500 159.000000
29600 122.000000
29700 159.000000
29800 196.000000
29900 159.000000
30000 233.000000
30100 233.000000
30200 122.000000
30300 196.000000
30400 122.000000
30500 122.000000
30600 159.000000
30700 196.000000
30800 159.000000
30900 122.000000
31000 233.000000
31100 233.000000
31200 233.000000
31300 122.000000
31400 159.000000
31500 196.000000
31600 233.000000
31700 196.000000
31800 196.000000
31900 159.000000
32000 159.000000
32100 122.000000
32200 159.000000
32300 159.000000
32400 159.000000
32500 233.000000
32600 159.000000
32700 196.000000
32800 122.000000
32900 196.000000
33000 159.000000
33100 122.000000
33200 196.000000
33300 196.000000
33400 159.000000
33500 122.000000
33600 196.000000
33700 196.000000
33800 122.000000
33900 196.000000
34000 196.000000
34100 196.000000
34200 196.000000
34300 196.000000
34400 159.000000
34500 196.000000
34600 159.000000
34700 196.000000
34800 159.000000
34900 122.000000
35000 159.000000
35100 233.000000
35200 122.000000
35300 122.000000
35400 159.000000
35500 122.000000
35600 159.000000
35700 122.000000
35800 159.000000
35900 122.000000
36000 122.000000
36100 196.000000
36200 196.000000
36300 233.000000
36400 122.000000
36500 159.000000
36600 270.000000
36700 233.000000
36800 233.000000
36900 159.000000
37000 196.000000
37100 196.000000
37200 233.000000
37300 159.000000
37400 196.000000
37500 196.000000
37600 122.000000
37700 122.000000
37800 196.000000
37900 233.000000
38000 233.000000
38100 122.000000
38200 159.000000
38300 270.000000
38400 159.000000
38500 159.000000
38600 159.000000
38700 122.000000
38800 196.000000
38900 159.000000
39000 159.000000
39100 159.000000
39200 196.000000
39300 159.000000
39400 196.000000
39500 159.000000
39600 196.000000
39700 196.000000
39800 196.000000
39900 196.000000
40000 159.000000
40100 233.000000
40200 159.000000
40300 122.000000
40400 307.000000
40500 159.000000
40600 196.000000
40700 159.000000
40800 159.000000
40900 122.000000
41000 159.000000
41100 159.000000
41200 196.000000
41300 196.000000
41400 122.000000
41500 270.000000
41600 159.000000
41700 122.000000
41800 122.000000
41900 307.000000
42000 159.000000
42100 196.000000
42200 196.000000
42300 159.000000
42400 159.000000
42500 196.000000
42600 196.000000
42700 122.000000
42800 159.000000
42900 270.000000
43000 159.000000
43100 159.000000
43200 159.000000
43300 233.000000
43400 159.000000
43500 196.000000
43600 159.000000
43700 122.000000
43800 159.000000
43900 196.000000
44000 196.000000
44100 122.000000
44200 196.000000
44300 233.000000
44400 233.000000
44500 159.000000
44600 159.000000
44700 196.000000
44800 159.000000
44900 159.000000
45000 159.000000
45100 159.000000
45200 196.000000
45300 270.000000
45400 159.000000
45500 159.000000
45600 122.000000
45700 159.000000
45800 159.000000
45900 307.000000
46000 159.000000
46100 196.000000
46200 196.000000
46300 196.000000
46400 159.000000
46500 159.000000
46600 233.000000
46700 233.000000
46800 233.000000
46900 122.000000
47000 196.000000
47100 196.000000
47200 159.000000
47300 159.000000
47400 122.000000
47500 159.000000
47600 159.000000
47700 159.000000
47800 122.000000
47900 159.000000
48000 233.000000
48100 159.000000
48200 196.000000
48300 233.000000
48400 159.000000
48500 122.000000
48600 159.000000
48700 196.000000
48800 122.000000
48900 159.000000
49000 122.000000
49100 196.000000
49200 159.000000
49300 196.000000
49400 159.000000
49500 122.000000
49600 122.000000
49700 159.000000
49800 196.000000
49900 161.000000

real	27m36.247s
user	5m14.690s
sys	0m58.489s
<<<<>>>>
Continuos
./runTests.sh: line 16: ./suna: Is a directory

real	0m0.000s
user	0m0.000s
sys	0m0.000s
********
Killed:  1368
About to start a new gym environment
./runTests.sh: line 34: ne: command not found
