nohup: ignoring input
--------------------------------
About to run:  Roulette-v0  at  Wed Apr 24 06:16:00 UTC 2019
Server Job number:  6219
./runTests.sh: line 21:  4520 Terminated              python3 $GYMUDSPATH$GYMSERVERNAME $i
Run  1
Discrete
Environment: Roulette-v0
0 -1.000000
100 122.000000
200 122.000000
300 270.000000
400 159.000000
500 233.000000
600 159.000000
700 122.000000
800 122.000000
900 233.000000
1000 122.000000
1100 196.000000
1200 131.000000
1300 159.000000
1400 196.000000
1500 122.000000
1600 233.000000
1700 159.000000
1800 196.000000
1900 233.000000
2000 196.000000
2100 159.000000
2200 196.000000
2300 196.000000
2400 159.000000
2500 196.000000
2600 196.000000
2700 233.000000
2800 159.000000
2900 122.000000
3000 196.000000
3100 159.000000
3200 122.000000
3300 233.000000
3400 196.000000
3500 159.000000
3600 196.000000
3700 196.000000
3800 159.000000
3900 159.000000
4000 196.000000
4100 159.000000
4200 196.000000
4300 159.000000
4400 196.000000
4500 159.000000
4600 196.000000
4700 122.000000
4800 196.000000
4900 196.000000

real	2m26.657s
user	0m27.288s
sys	0m5.789s
<<<<>>>>
Continuos
Environment: Roulette-v0
0 -63.000000
100 122.000000
200 196.000000
300 159.000000
400 159.000000
500 233.000000
600 159.000000
700 159.000000
800 159.000000
900 122.000000
1000 196.000000
1100 159.000000
1200 159.000000
1300 122.000000
1400 159.000000
1500 122.000000
1600 122.000000
1700 233.000000
1800 159.000000
1900 122.000000
2000 159.000000
2100 196.000000
2200 122.000000
2300 159.000000
2400 196.000000
2500 122.000000
2600 122.000000
2700 159.000000
2800 122.000000
2900 159.000000
3000 196.000000
3100 159.000000
3200 196.000000
3300 233.000000
3400 196.000000
3500 159.000000
3600 159.000000
3700 196.000000
3800 159.000000
3900 233.000000
4000 159.000000
4100 159.000000
4200 159.000000
4300 196.000000
4400 233.000000
4500 159.000000
4600 196.000000
4700 196.000000
4800 196.000000
4900 159.000000

real	2m43.719s
user	0m30.012s
sys	0m6.250s
********
Run  2
Discrete
Environment: Roulette-v0
0 0.000000
100 196.000000
200 196.000000
300 159.000000
400 122.000000
500 159.000000
600 122.000000
700 159.000000
800 196.000000
900 122.000000
1000 233.000000
1100 196.000000
1200 85.000000
1300 159.000000
1400 159.000000
1500 159.000000
1600 159.000000
1700 159.000000
1800 196.000000
1900 159.000000
2000 159.000000
2100 196.000000
2200 122.000000
2300 196.000000
2400 196.000000
2500 122.000000
2600 122.000000
2700 196.000000
2800 159.000000
2900 159.000000
3000 196.000000
3100 196.000000
3200 122.000000
3300 196.000000
3400 196.000000
3500 233.000000
3600 196.000000
3700 122.000000
3800 233.000000
3900 196.000000
4000 196.000000
4100 159.000000
4200 233.000000
4300 124.000000
4400 122.000000
4500 233.000000
4600 159.000000
4700 159.000000
4800 196.000000
4900 122.000000

real	2m38.525s
user	0m28.925s
sys	0m6.478s
<<<<>>>>
Continuos
Environment: Roulette-v0
0 -63.000000
100 196.000000
200 159.000000
300 344.000000
400 159.000000
500 159.000000
600 159.000000
700 159.000000
800 233.000000
900 196.000000
1000 233.000000
1100 159.000000
1200 233.000000
1300 196.000000
1400 196.000000
1500 307.000000
1600 196.000000
1700 196.000000
1800 159.000000
1900 233.000000
2000 159.000000
2100 196.000000
2200 159.000000
2300 196.000000
2400 159.000000
2500 159.000000
2600 270.000000
2700 233.000000
2800 159.000000
2900 159.000000
3000 122.000000
3100 159.000000
3200 159.000000
3300 122.000000
3400 196.000000
3500 196.000000
3600 196.000000
3700 85.000000
3800 196.000000
3900 159.000000
4000 159.000000
4100 159.000000
4200 122.000000
4300 196.000000
4400 122.000000
4500 159.000000
4600 196.000000
4700 233.000000
4800 159.000000
4900 159.000000

real	2m47.666s
user	0m30.956s
sys	0m6.039s
********
Run  3
Discrete
Environment: Roulette-v0
0 -26.000000
100 196.000000
200 233.000000
300 159.000000
400 159.000000
500 159.000000
600 159.000000
700 159.000000
800 159.000000
900 159.000000
1000 122.000000
1100 233.000000
1200 122.000000
1300 122.000000
1400 159.000000
1500 196.000000
1600 159.000000
1700 159.000000
1800 233.000000
1900 159.000000
2000 159.000000
2100 159.000000
2200 159.000000
2300 159.000000
2400 196.000000
2500 233.000000
2600 233.000000
2700 159.000000
2800 159.000000
2900 233.000000
3000 159.000000
3100 159.000000
3200 159.000000
3300 159.000000
3400 122.000000
3500 159.000000
3600 159.000000
3700 159.000000
3800 196.000000
3900 233.000000
4000 233.000000
4100 159.000000
4200 159.000000
4300 159.000000
4400 196.000000
4500 159.000000
4600 159.000000
4700 124.000000
4800 159.000000
4900 196.000000

real	2m35.226s
user	0m28.642s
sys	0m6.180s
<<<<>>>>
Continuos
Environment: Roulette-v0
0 -26.000000
100 270.000000
200 196.000000
300 159.000000
400 159.000000
500 233.000000
600 159.000000
700 141.000000
800 159.000000
900 196.000000
1000 122.000000
1100 159.000000
1200 159.000000
1300 159.000000
1400 196.000000
1500 159.000000
1600 233.000000
1700 122.000000
1800 159.000000
1900 159.000000
2000 129.000000
2100 196.000000
2200 233.000000
2300 159.000000
2400 159.000000
2500 196.000000
2600 233.000000
2700 196.000000
2800 196.000000
2900 196.000000
3000 159.000000
3100 159.000000
3200 122.000000
3300 233.000000
3400 307.000000
3500 270.000000
3600 233.000000
3700 196.000000
3800 159.000000
3900 196.000000
4000 159.000000
4100 196.000000
4200 122.000000
4300 233.000000
4400 196.000000
4500 233.000000
4600 196.000000
4700 159.000000
4800 159.000000
4900 159.000000

real	2m43.334s
user	0m30.130s
sys	0m6.288s
********
Run  4
Discrete
Environment: Roulette-v0
0 48.000000
100 196.000000
200 122.000000
300 122.000000
400 196.000000
500 196.000000
600 196.000000
700 159.000000
800 159.000000
900 159.000000
1000 159.000000
1100 122.000000
1200 122.000000
1300 159.000000
1400 159.000000
1500 196.000000
1600 233.000000
1700 196.000000
1800 196.000000
1900 196.000000
2000 196.000000
2100 233.000000
2200 233.000000
2300 159.000000
2400 196.000000
2500 159.000000
2600 159.000000
2700 196.000000
2800 159.000000
2900 122.000000
3000 196.000000
3100 122.000000
3200 159.000000
3300 196.000000
3400 159.000000
3500 159.000000
3600 122.000000
3700 159.000000
3800 159.000000
3900 196.000000
4000 196.000000
4100 159.000000
4200 196.000000
4300 122.000000
4400 196.000000
4500 196.000000
4600 159.000000
4700 196.000000
4800 159.000000
4900 196.000000

real	2m31.464s
user	0m28.115s
sys	0m5.753s
<<<<>>>>
Continuos
Environment: Roulette-v0
0 11.000000
100 122.000000
200 196.000000
300 122.000000
400 159.000000
500 159.000000
600 196.000000
700 233.000000
800 196.000000
900 233.000000
1000 122.000000
1100 233.000000
1200 159.000000
1300 159.000000
1400 122.000000
1500 196.000000
1600 159.000000
1700 270.000000
1800 122.000000
1900 270.000000
2000 159.000000
2100 196.000000
2200 196.000000
2300 122.000000
2400 196.000000
2500 122.000000
2600 196.000000
2700 196.000000
2800 159.000000
2900 196.000000
3000 159.000000
3100 159.000000
3200 159.000000
3300 196.000000
3400 159.000000
3500 122.000000
3600 159.000000
3700 233.000000
3800 196.000000
3900 159.000000
4000 159.000000
4100 159.000000
4200 233.000000
4300 159.000000
4400 159.000000
4500 196.000000
4600 233.000000
4700 233.000000
4800 159.000000
4900 159.000000

real	2m46.384s
user	0m30.308s
sys	0m6.384s
********
Run  5
Discrete
Environment: Roulette-v0
0 1.000000
100 85.000000
200 122.000000
300 159.000000
400 159.000000
500 159.000000
600 159.000000
700 159.000000
800 159.000000
900 233.000000
1000 159.000000
1100 159.000000
1200 196.000000
1300 159.000000
1400 122.000000
1500 159.000000
1600 159.000000
1700 196.000000
1800 159.000000
1900 159.000000
2000 159.000000
2100 122.000000
2200 159.000000
2300 159.000000
2400 233.000000
2500 196.000000
2600 122.000000
2700 159.000000
2800 196.000000
2900 196.000000
3000 233.000000
3100 159.000000
3200 122.000000
3300 159.000000
3400 196.000000
3500 159.000000
3600 196.000000
3700 159.000000
3800 122.000000
3900 122.000000
4000 196.000000
4100 122.000000
4200 159.000000
4300 196.000000
4400 159.000000
4500 159.000000
4600 233.000000
4700 122.000000
4800 159.000000
4900 196.000000

real	2m38.581s
user	0m29.686s
sys	0m6.034s
<<<<>>>>
Continuos
Environment: Roulette-v0
0 48.000000
100 233.000000
200 122.000000
300 270.000000
400 85.000000
500 159.000000
600 233.000000
700 159.000000
800 85.000000
900 159.000000
1000 159.000000
1100 159.000000
1200 196.000000
1300 159.000000
1400 122.000000
1500 196.000000
1600 159.000000
1700 196.000000
1800 159.000000
1900 122.000000
2000 196.000000
2100 122.000000
2200 196.000000
2300 196.000000
2400 159.000000
2500 159.000000
2600 159.000000
2700 196.000000
2800 159.000000
2900 122.000000
3000 159.000000
3100 122.000000
3200 196.000000
3300 196.000000
3400 233.000000
3500 196.000000
3600 233.000000
3700 196.000000
3800 196.000000
3900 196.000000
4000 159.000000
4100 196.000000
4200 159.000000
4300 233.000000
4400 122.000000
4500 159.000000
4600 122.000000
4700 159.000000
4800 159.000000
4900 233.000000

real	2m49.628s
user	0m30.952s
sys	0m6.342s
********
Run  6
Discrete
Environment: Roulette-v0
0 0.000000
100 122.000000
200 198.000000
300 233.000000
400 196.000000
500 196.000000
600 159.000000
700 159.000000
800 196.000000
900 122.000000
1000 233.000000
1100 159.000000
1200 122.000000
1300 159.000000
1400 159.000000
1500 122.000000
1600 159.000000
1700 159.000000
1800 122.000000
1900 122.000000
2000 159.000000
2100 159.000000
2200 122.000000
2300 159.000000
2400 122.000000
2500 159.000000
2600 159.000000
2700 196.000000
2800 196.000000
2900 122.000000
3000 159.000000
3100 122.000000
3200 161.000000
3300 233.000000
3400 159.000000
3500 159.000000
3600 233.000000
3700 159.000000
3800 196.000000
3900 196.000000
4000 122.000000
4100 233.000000
4200 196.000000
4300 122.000000
4400 270.000000
4500 122.000000
4600 122.000000
4700 196.000000
4800 159.000000
4900 122.000000

real	2m29.733s
user	0m27.514s
sys	0m6.002s
<<<<>>>>
Continuos
Environment: Roulette-v0
0 48.000000
100 233.000000
200 159.000000
300 159.000000
400 122.000000
500 159.000000
600 159.000000
700 122.000000
800 196.000000
900 85.000000
1000 307.000000
1100 196.000000
1200 159.000000
1300 122.000000
1400 196.000000
1500 159.000000
1600 159.000000
1700 196.000000
1800 122.000000
1900 122.000000
2000 233.000000
2100 122.000000
2200 196.000000
2300 159.000000
2400 233.000000
2500 159.000000
2600 233.000000
2700 159.000000
2800 159.000000
2900 233.000000
3000 196.000000
3100 196.000000
3200 196.000000
3300 233.000000
3400 233.000000
3500 196.000000
3600 122.000000
3700 196.000000
3800 122.000000
3900 159.000000
4000 233.000000
4100 233.000000
4200 159.000000
4300 196.000000
4400 159.000000
4500 196.000000
4600 233.000000
4700 122.000000
4800 159.000000
4900 122.000000

real	2m45.112s
user	0m30.380s
sys	0m6.369s
********
Run  7
Discrete
Environment: Roulette-v0
0 0.000000
100 159.000000
200 196.000000
300 196.000000
400 122.000000
500 196.000000
600 122.000000
700 196.000000
800 196.000000
900 159.000000
1000 159.000000
1100 196.000000
1200 159.000000
1300 233.000000
1400 159.000000
1500 124.000000
1600 159.000000
1700 159.000000
1800 196.000000
1900 196.000000
2000 196.000000
2100 270.000000
2200 159.000000
2300 159.000000
2400 122.000000
2500 159.000000
2600 159.000000
2700 159.000000
2800 159.000000
2900 233.000000
3000 233.000000
3100 122.000000
3200 196.000000
3300 122.000000
3400 196.000000
3500 196.000000
3600 159.000000
3700 196.000000
3800 159.000000
3900 270.000000
4000 196.000000
4100 159.000000
4200 122.000000
4300 233.000000
4400 233.000000
4500 122.000000
4600 159.000000
4700 122.000000
4800 159.000000
4900 122.000000

real	2m35.255s
user	0m28.499s
sys	0m6.172s
<<<<>>>>
Continuos
Environment: Roulette-v0
0 11.000000
100 196.000000
200 159.000000
300 159.000000
400 159.000000
500 159.000000
600 159.000000
700 122.000000
800 159.000000
900 159.000000
1000 159.000000
1100 233.000000
1200 196.000000
1300 159.000000
1400 196.000000
1500 233.000000
1600 196.000000
1700 122.000000
1800 196.000000
1900 122.000000
2000 159.000000
2100 196.000000
2200 196.000000
2300 159.000000
2400 196.000000
2500 196.000000
2600 122.000000
2700 159.000000
2800 159.000000
2900 196.000000
3000 159.000000
3100 196.000000
3200 159.000000
3300 159.000000
3400 159.000000
3500 233.000000
3600 122.000000
3700 159.000000
3800 196.000000
3900 196.000000
4000 196.000000
4100 159.000000
4200 196.000000
4300 159.000000
4400 159.000000
4500 122.000000
4600 159.000000
4700 196.000000
4800 159.000000
4900 159.000000

real	2m47.465s
user	0m30.218s
sys	0m6.565s
********
Run  8
Discrete
Environment: Roulette-v0
0 0.000000
100 159.000000
200 159.000000
300 122.000000
400 159.000000
500 270.000000
600 196.000000
700 233.000000
800 233.000000
900 196.000000
1000 159.000000
1100 233.000000
1200 196.000000
1300 159.000000
1400 159.000000
1500 159.000000
1600 124.000000
1700 159.000000
1800 124.000000
1900 196.000000
2000 159.000000
2100 196.000000
2200 159.000000
2300 196.000000
2400 196.000000
2500 196.000000
2600 233.000000
2700 233.000000
2800 196.000000
2900 122.000000
3000 122.000000
3100 159.000000
3200 159.000000
3300 196.000000
3400 159.000000
3500 159.000000
3600 159.000000
3700 159.000000
3800 196.000000
3900 196.000000
4000 196.000000
4100 122.000000
4200 196.000000
4300 159.000000
4400 196.000000
4500 196.000000
4600 122.000000
4700 196.000000
4800 159.000000
4900 233.000000

real	2m31.857s
user	0m28.201s
sys	0m5.996s
<<<<>>>>
Continuos
Environment: Roulette-v0
0 -26.000000
100 196.000000
200 233.000000
300 159.000000
400 159.000000
500 159.000000
600 233.000000
700 159.000000
800 159.000000
900 196.000000
1000 159.000000
1100 159.000000
1200 196.000000
1300 159.000000
1400 122.000000
1500 159.000000
1600 177.000000
1700 159.000000
1800 159.000000
1900 122.000000
2000 89.000000
2100 122.000000
2200 85.000000
2300 196.000000
2400 196.000000
2500 122.000000
2600 159.000000
2700 270.000000
2800 159.000000
2900 122.000000
3000 159.000000
3100 233.000000
3200 122.000000
3300 196.000000
3400 122.000000
3500 159.000000
3600 159.000000
3700 196.000000
3800 233.000000
3900 233.000000
4000 159.000000
4100 208.000000
4200 159.000000
4300 196.000000
4400 196.000000
4500 196.000000
4600 122.000000
4700 196.000000
4800 196.000000
4900 159.000000

real	2m42.277s
user	0m29.996s
sys	0m6.003s
********
Run  9
Discrete
Environment: Roulette-v0
0 11.000000
100 159.000000
200 344.000000
300 196.000000
400 159.000000
500 196.000000
600 196.000000
700 196.000000
800 159.000000
900 122.000000
1000 196.000000
1100 196.000000
1200 233.000000
1300 196.000000
1400 196.000000
1500 122.000000
1600 196.000000
1700 196.000000
1800 196.000000
1900 122.000000
2000 159.000000
2100 196.000000
2200 159.000000
2300 159.000000
2400 233.000000
2500 196.000000
2600 159.000000
2700 196.000000
2800 196.000000
2900 122.000000
3000 159.000000
3100 159.000000
3200 159.000000
3300 159.000000
3400 159.000000
3500 159.000000
3600 196.000000
3700 159.000000
3800 196.000000
3900 122.000000
4000 344.000000
4100 196.000000
4200 159.000000
4300 196.000000
4400 270.000000
4500 159.000000
4600 159.000000
4700 159.000000
4800 159.000000
4900 233.000000

real	2m31.055s
user	0m27.841s
sys	0m6.068s
<<<<>>>>
Continuos
Environment: Roulette-v0
0 11.000000
100 196.000000
200 159.000000
300 196.000000
400 159.000000
500 159.000000
600 196.000000
700 196.000000
800 196.000000
900 159.000000
1000 159.000000
1100 196.000000
1200 159.000000
1300 159.000000
1400 196.000000
1500 159.000000
1600 122.000000
1700 196.000000
1800 196.000000
1900 159.000000
2000 233.000000
2100 159.000000
2200 196.000000
2300 122.000000
2400 122.000000
2500 159.000000
2600 122.000000
2700 196.000000
2800 196.000000
2900 159.000000
3000 159.000000
3100 196.000000
3200 233.000000
3300 159.000000
3400 159.000000
3500 233.000000
3600 196.000000
3700 122.000000
3800 196.000000
3900 159.000000
4000 247.000000
4100 159.000000
4200 270.000000
4300 196.000000
4400 159.000000
4500 233.000000
4600 159.000000
4700 122.000000
4800 196.000000
4900 233.000000

real	2m45.832s
user	0m30.712s
sys	0m6.236s
********
Run  10
Discrete
Environment: Roulette-v0
0 0.000000
100 159.000000
200 122.000000
300 122.000000
400 122.000000
500 196.000000
600 233.000000
700 233.000000
800 159.000000
900 196.000000
1000 159.000000
1100 122.000000
1200 159.000000
1300 159.000000
1400 122.000000
1500 196.000000
1600 159.000000
1700 233.000000
1800 122.000000
1900 233.000000
2000 196.000000
2100 196.000000
2200 159.000000
2300 161.000000
2400 159.000000
2500 159.000000
2600 159.000000
2700 233.000000
2800 159.000000
2900 122.000000
3000 196.000000
3100 196.000000
3200 159.000000
3300 233.000000
3400 159.000000
3500 233.000000
3600 307.000000
3700 196.000000
3800 122.000000
3900 196.000000
4000 196.000000
4100 196.000000
4200 159.000000
4300 122.000000
4400 159.000000
4500 270.000000
4600 196.000000
4700 159.000000
4800 159.000000
4900 196.000000

real	2m34.297s
user	0m28.230s
sys	0m6.058s
<<<<>>>>
Continuos
Environment: Roulette-v0
0 85.000000
100 122.000000
200 233.000000
300 196.000000
400 159.000000
500 159.000000
600 159.000000
700 196.000000
800 159.000000
900 159.000000
1000 122.000000
1100 159.000000
1200 233.000000
1300 122.000000
1400 196.000000
1500 159.000000
1600 122.000000
1700 159.000000
1800 196.000000
1900 159.000000
2000 270.000000
2100 159.000000
2200 196.000000
2300 159.000000
2400 159.000000
2500 159.000000
2600 159.000000
2700 233.000000
2800 233.000000
2900 122.000000
3000 196.000000
3100 159.000000
3200 159.000000
3300 196.000000
3400 159.000000
3500 122.000000
3600 159.000000
3700 196.000000
3800 196.000000
3900 159.000000
4000 159.000000
4100 159.000000
4200 196.000000
4300 196.000000
4400 159.000000
4500 122.000000
4600 159.000000
4700 196.000000
4800 270.000000
4900 196.000000

real	2m43.001s
user	0m29.894s
sys	0m6.159s
********
Killed:  6219
About to start a new gym environment
