Thread,9,37,46256.17,-60.00,38,170.00,45656.17,-6.88,-6.88,100.00
Thread,0,3,60716.57,-130.00,2,160.00,60126.57,6.06,6.06,100.00
Thread,8,34,61651.04,-290.00,33,-10.00,61071.04,-12.43,-12.43,100.00
Thread,5,21,47656.67,-140.00,22,130.00,-22161.11,3.41,3.41,100.00
Thread,7,29,60813.95,-100.00,31,1640.00,5240.21,6.26,6.26,100.00
Thread,1,5,47074.55,-370.00,6,140.00,46294.55,4.04,4.04,100.00
Thread,3,14,46451.61,-60.00,12,180.00,45941.61,-12.76,-12.76,100.00
Thread,6,26,60789.22,-160.00,27,50.00,60249.22,-6.45,-6.45,100.00
Thread,13,55,-5883.54,-220.00,52,2890.00,-12162.33,-2.83,10.25,46.18
Thread,16,65,61790.38,-300.00,64,230.00,60960.38,13.95,13.95,100.00
Thread,10,41,60563.71,-60.00,42,320.00,-49121.16,-5.67,-5.67,100.00
Thread,11,47,61138.89,100.00,46,360.00,60578.89,-10.64,-10.64,100.00
Thread,17,68,60208.42,-200.00,70,140.00,-6291.59,0.07,0.07,100.00
Thread,12,51,61030.79,-430.00,49,10.00,60310.79,-6.37,-6.37,100.00
Thread,18,74,60741.63,-110.00,75,-40.00,60371.63,7.64,7.64,100.00
Thread,14,58,61324.97,-350.00,56,300.00,-6059.17,12.53,12.53,100.00
Thread,21,84,61557.77,-150.00,86,210.00,-5635.39,12.94,12.94,100.00
Thread,15,63,46322.47,-140.00,61,280.00,45592.47,8.12,8.12,100.00
Thread,20,80,48073.60,-260.00,81,320.00,-20076.04,-4.73,-4.73,100.00
Thread,19,76,60254.21,10.00,78,280.00,59654.21,3.22,3.22,100.00
Thread,23,95,60856.96,-200.00,94,240.00,60116.96,5.93,5.93,100.00
Thread,22,88,61207.79,-490.00,89,180.00,60197.79,6.12,6.12,100.00
Best,A&B,61790.38,-300.00
----------------------------------------
Execution,149999,150000,149999,149999,1649980,Eve-Adversary
Adversary,0,10,1649980
Best,Eve,320.00
Adversary,1,10,1649981
Best,Eve,670.00
Adversary,2,10,1649982
Best,Eve,670.00
Adversary,3,10,1649983
Best,Eve,260.00
Adversary,4,10,1649984
Best,Eve,670.00
Adversary,5,10,1649985
Best,Eve,880.00
Adversary,6,10,1649986
Best,Eve,460.00
Adversary,7,10,1649987
Best,Eve,100.00
Adversary,8,10,1649988
Best,Eve,80.00
Adversary,9,10,1649989
Best,Eve,670.00
Execution,149999,150000,149999,149999,1649990,Alice-Encrypt
Thread,6,27,48041.28,-180.00,25,280.00,47321.28,-5.33,-5.33,100.00
Thread,1,6,47779.56,-190.00,5,90.00,47199.56,5.05,5.05,100.00
Thread,8,32,48305.82,-270.00,33,2610.00,45255.82,-5.60,-5.60,100.00
Thread,0,3,47899.37,-180.00,1,260.00,47139.37,-5.01,-5.01,100.00
Thread,9,37,46597.94,-70.00,38,170.00,46047.94,-2.19,-2.19,100.00
Thread,7,29,46349.16,180.00,30,350.00,-13546.22,-2.37,-2.37,100.00
Thread,10,41,48305.05,-250.00,43,330.00,-6534.95,8.00,8.00,100.00
Thread,5,23,61080.70,-200.00,20,180.00,60400.70,7.82,7.82,100.00
Thread,2,9,48375.09,30.00,8,2190.00,45915.09,7.81,7.81,100.00
Thread,4,17,46801.35,-10.00,16,230.00,46261.35,2.14,2.14,100.00
Thread,3,13,48236.09,-430.00,15,250.00,47286.09,3.92,3.92,100.00
Thread,14,56,58196.20,-250.00,57,40.00,57626.20,-15.43,-15.43,100.00
Thread,11,47,47706.19,-270.00,44,1980.00,45156.19,-0.45,-0.45,100.00
Thread,13,55,47052.07,130.00,54,210.00,-64230.00,-2.52,-2.52,100.00
Thread,12,49,60382.35,-310.00,48,180.00,59592.35,0.34,0.34,100.00
Thread,15,62,60971.07,-550.00,63,90.00,32161.07,-3.92,-3.92,100.00
Thread,19,78,57980.07,-210.00,79,30.00,-9171.23,17.84,17.84,100.00
Thread,22,91,43243.15,1360.00,89,3030.00,41393.15,22.25,22.25,100.00
Thread,21,86,46312.20,-410.00,87,-20.00,45642.20,0.38,0.38,100.00
Thread,16,67,47978.48,-430.00,65,280.00,46958.48,11.46,11.46,100.00
Thread,18,74,46803.83,-250.00,72,400.00,-13901.54,2.49,2.49,100.00
Thread,17,68,48735.75,-300.00,70,50.00,48095.75,9.36,9.36,100.00
Thread,20,81,60004.64,-140.00,83,110.00,-16642.87,-0.08,-0.08,100.00
Thread,23,93,62011.88,-720.00,94,2610.00,58271.88,-11.39,-11.39,100.00
Best,A&B,62011.88,-720.00
Execution,149999,150000,150000,149999,1649990,Bob-Decrypt
Thread,4,16,60694.33,-380.00,19,320.00,59684.33,2.58,2.58,100.00
Thread,9,38,60763.89,-360.00,37,120.00,59983.89,-3.43,-3.43,100.00
Thread,8,32,47902.41,-90.00,33,1560.00,-28006.25,11.92,11.92,100.00
Thread,5,22,46695.49,-150.00,20,80.00,46135.49,9.02,9.02,100.00
Thread,7,29,61201.86,-160.00,30,200.00,60561.86,9.28,9.28,100.00
Thread,2,9,60279.23,120.00,8,1630.00,106514.31,-3.26,-3.26,100.00
Thread,3,12,61448.22,-140.00,15,40.00,61018.22,-11.88,-11.88,100.00
Thread,16,64,60908.04,-30.00,66,310.00,-6017.65,-10.03,-10.03,100.00
Thread,1,7,45888.81,-170.00,6,110.00,92668.38,12.25,12.25,100.00
Thread,10,40,47668.49,-10.00,43,470.00,-6171.51,9.10,9.10,100.00
Thread,0,3,48227.11,-60.00,2,390.00,47477.11,7.97,7.97,100.00
Thread,6,24,1824.75,130.00,24,130.00,1839.75,-3.61,-3.61,100.00
Thread,21,84,61037.71,-220.00,86,320.00,60207.71,8.22,8.22,100.00
Thread,19,77,47690.88,-260.00,76,250.00,46880.88,0.77,0.77,100.00
Thread,11,45,60359.82,-200.00,44,2820.00,57039.82,1.96,1.96,100.00
Thread,18,73,46031.76,-80.00,74,210.00,45401.76,-0.38,-0.38,100.00
Thread,12,49,46863.30,-130.00,50,-20.00,-18967.08,12.51,12.51,100.00
Thread,17,68,61424.88,-170.00,69,-30.00,60984.88,-11.32,-11.32,100.00
Thread,20,83,60919.32,-170.00,82,-20.00,-3707.16,-6.31,-6.31,100.00
Thread,22,91,-16474.01,1970.00,91,1980.00,-16344.01,14.46,13.61,54.91
Thread,13,52,59996.80,-60.00,54,130.00,-6300.78,-0.50,-0.50,100.00
Thread,23,93,61338.88,-760.00,94,3450.00,56758.88,4.96,4.96,100.00
Thread,15,61,43854.14,-200.00,63,170.00,12279.14,1.17,1.17,100.00
Thread,14,57,47282.81,-110.00,59,250.00,46602.81,8.03,8.03,100.00
Best,A&B,61448.22,-140.00
----------------------------------------
TimeDiff: 10043 secs
Last best score: 61448.218750
