Thread,8,32,69700.05,-330.00,35,50.00,-9375.77,3.05,3.05,100.00
Thread,5,20,70073.89,-750.00,21,60.00,68613.89,-8.28,-8.28,100.00
Thread,7,29,67801.84,20.00,29,20.00,67201.84,-1.60,-1.60,100.00
Thread,2,11,66254.86,-60.00,9,660.00,132361.02,1.67,1.67,100.00
Thread,10,40,-3485.29,110.00,40,110.00,-3585.29,3.43,4.38,74.47
Thread,6,26,43431.77,-70.00,25,80.00,6947.78,-2.22,-2.22,100.00
Thread,0,1,68442.27,-590.00,3,280.00,66992.27,-1.94,-1.94,100.00
Thread,9,36,64990.77,-130.00,38,270.00,64040.77,0.89,0.89,100.00
Thread,3,15,68742.95,20.00,14,320.00,67842.95,-2.95,-2.95,100.00
Thread,12,48,69236.69,90.00,50,150.00,-33370.04,0.62,0.62,100.00
Thread,14,57,82958.91,-30.00,56,20.00,16604.16,-6.04,-6.04,100.00
Thread,16,64,6123.71,30.00,67,340.00,-41432.52,9.44,9.44,100.00
Thread,11,44,24071.08,-570.00,45,10.00,-417.06,-1.68,-1.68,100.00
Thread,21,84,69108.74,-800.00,86,40.00,67668.74,8.13,8.13,100.00
Thread,20,83,7363.08,-750.00,82,140.00,-40524.64,-8.08,-4.94,88.15
Thread,13,52,69236.30,150.00,55,580.00,68246.30,2.14,2.14,100.00
Thread,18,75,67861.38,50.00,73,290.00,67041.38,-5.88,-5.88,100.00
Thread,15,62,68179.66,80.00,62,90.00,67609.66,2.21,2.21,100.00
Thread,17,68,70147.31,-120.00,71,100.00,-9235.71,3.33,3.33,100.00
Thread,19,78,69689.77,50.00,76,100.00,69029.77,0.85,0.85,100.00
Thread,22,91,36070.82,30.00,90,350.00,-40132.79,-9.51,-9.51,100.00
Thread,23,94,70105.73,40.00,94,20.00,69495.73,-5.29,-5.29,100.00
Best,A&B,82958.91,-30.00
----------------------------------------
Execution,149999,150000,149999,149999,1649980,Eve-Adversary
Adversary,0,10,1649980
Best,Eve,110.00
Adversary,1,10,1649981
Best,Eve,80.00
Adversary,2,10,1649982
Best,Eve,150.00
Adversary,3,10,1649983
Best,Eve,150.00
Adversary,4,10,1649984
Best,Eve,180.00
Adversary,5,10,1649985
Best,Eve,90.00
Adversary,6,10,1649986
Best,Eve,210.00
Adversary,7,10,1649987
Best,Eve,250.00
Adversary,8,10,1649988
Best,Eve,200.00
Adversary,9,10,1649989
Best,Eve,200.00
Execution,149999,150000,149999,149999,1649990,Alice-Encrypt
Thread,7,30,68976.71,0.00,31,140.00,-4622.09,8.54,8.54,100.00
Thread,9,36,67107.34,-750.00,37,330.00,5727.14,-0.87,-0.87,100.00
Thread,6,26,65171.27,180.00,27,740.00,-17261.97,-6.10,-6.10,100.00
Thread,5,22,4138.16,530.00,22,550.00,3923.16,0.60,0.92,66.85
Thread,13,52,70447.22,-390.00,54,30.00,4043.20,3.59,3.59,100.00
Thread,8,32,21440.98,-490.00,35,570.00,1931.05,3.97,3.97,100.00
Thread,0,2,69939.45,-440.00,1,300.00,68599.45,0.16,0.16,100.00
Thread,2,9,68433.07,20.00,8,570.00,12138.08,-3.59,-3.59,100.00
Thread,1,6,67868.06,-750.00,4,20.00,66518.06,3.04,3.04,100.00
Thread,3,12,68593.01,-20.00,14,60.00,67883.01,-2.65,-2.65,100.00
Thread,10,42,68185.18,150.00,43,620.00,7465.34,-2.76,-2.76,100.00
Thread,11,44,67566.99,-10.00,45,640.00,66356.99,1.48,1.48,100.00
Thread,4,16,68278.48,-250.00,17,330.00,67088.48,2.28,2.28,100.00
Thread,12,48,69601.36,170.00,48,170.00,69061.36,5.47,5.47,100.00
Thread,15,62,28096.22,30.00,60,1080.00,4868.27,7.68,7.68,100.00
Thread,14,58,82994.61,-40.00,59,30.00,16859.28,-6.18,-6.18,100.00
Thread,16,65,68085.70,10.00,64,150.00,67345.70,4.09,4.09,100.00
Thread,22,91,68797.27,-340.00,90,-170.00,-40451.21,-5.16,-5.16,100.00
Thread,21,84,82472.91,90.00,86,610.00,81402.91,-1.53,-1.53,100.00
Thread,18,73,69847.09,-30.00,72,120.00,5314.06,7.12,7.12,100.00
Thread,23,93,35148.52,-790.00,95,30.00,20673.46,0.07,0.07,100.00
Thread,20,83,3899.57,10.00,83,10.00,3839.57,-1.19,-0.24,54.12
Thread,17,69,68993.26,-120.00,71,80.00,14353.84,-0.83,-0.83,100.00
Thread,19,78,69474.38,-60.00,76,400.00,68424.38,-1.33,-1.33,100.00
Best,A&B,82994.61,-40.00
Execution,149999,150000,150000,149999,1649990,Bob-Decrypt
Thread,4,17,67944.00,-370.00,16,290.00,66684.00,2.92,2.92,100.00
Thread,6,24,6429.56,-170.00,25,60.00,-41550.38,11.11,11.11,100.00
Thread,5,23,67424.84,-720.00,20,-170.00,-16190.68,-2.46,-2.46,100.00
Thread,9,36,67391.83,-750.00,38,80.00,65971.83,5.43,5.43,100.00
Thread,3,12,68675.75,-110.00,14,100.00,-94431.92,-9.41,-9.41,100.00
Thread,8,32,-2177.44,230.00,35,790.00,-6104.19,-4.11,-5.66,83.12
Thread,12,48,64735.26,250.00,50,290.00,64065.26,5.15,5.15,100.00
Thread,0,1,70102.11,-70.00,0,200.00,69232.11,-3.54,-3.54,100.00
Thread,7,31,69723.08,-150.00,29,20.00,33013.07,0.59,0.59,100.00
Thread,1,6,66877.45,-760.00,4,30.00,65527.45,5.30,5.30,100.00
Thread,16,65,7953.01,-400.00,67,60.00,2206.26,-3.98,-3.98,100.00
Thread,2,11,68379.31,80.00,8,270.00,67539.31,1.62,1.62,100.00
Thread,15,63,19458.27,790.00,63,820.00,18798.27,-1.28,-1.28,100.00
Thread,17,68,4417.10,100.00,68,100.00,4322.10,-0.37,-1.09,54.58
Thread,18,73,69350.80,10.00,72,150.00,-8478.04,1.84,1.84,100.00
Thread,11,44,28344.86,-40.00,47,350.00,-50086.93,-8.72,-8.72,100.00
Thread,10,42,69864.23,-100.00,40,440.00,-52562.87,0.96,0.96,100.00
Thread,13,52,4766.20,-430.00,55,150.00,-72862.23,-1.76,-1.76,100.00
Thread,19,77,82914.23,20.00,78,320.00,18232.02,-4.61,-4.61,100.00
Thread,14,56,69491.30,-140.00,59,-90.00,2933.83,0.82,0.82,100.00
Thread,20,80,68310.80,70.00,80,70.00,67680.80,-7.63,-7.63,100.00
Thread,23,93,70786.45,-770.00,92,190.00,1158.08,1.31,1.31,100.00
Thread,22,91,69518.81,-190.00,90,90.00,3123.32,1.49,1.49,100.00
Thread,21,86,4526.86,-160.00,87,10.00,-40206.94,-5.26,-6.03,84.17
Best,A&B,82914.23,20.00
----------------------------------------
TimeDiff: 12685 secs
Last best score: 82914.234375
