Thread,8,33,42012.23,100.00,34,220.00,41612.23,-3.16,-3.16,100.00
Thread,7,31,60608.24,-240.00,30,140.00,59928.24,-2.61,-2.61,100.00
Thread,5,21,47592.14,-230.00,23,-20.00,47082.14,1.07,1.07,100.00
Thread,2,10,48124.43,-90.00,11,130.00,47634.43,6.64,6.64,100.00
Thread,0,3,48624.05,-280.00,2,340.00,47704.05,-9.69,-9.69,100.00
Thread,4,18,60611.24,-100.00,17,300.00,59911.24,-4.10,-4.10,100.00
Thread,6,26,48181.45,20.00,27,260.00,-27457.41,-7.21,-7.21,100.00
Thread,15,60,19532.38,-100.00,62,110.00,-28555.73,13.26,13.26,100.00
Thread,9,37,49371.59,-740.00,38,170.00,48151.59,13.91,13.91,100.00
Thread,16,66,48583.74,-130.00,64,60.00,48113.74,-10.69,-10.69,100.00
Thread,17,69,43878.90,-280.00,70,350.00,43028.90,5.13,5.13,100.00
Thread,18,73,20134.02,-210.00,75,320.00,-24288.15,-16.85,-16.85,100.00
Thread,21,84,60840.30,-120.00,85,320.00,60130.30,6.14,6.14,100.00
Thread,11,44,46695.41,-750.00,47,40.00,-19267.17,-8.24,-8.24,100.00
Thread,22,88,47129.29,-750.00,89,150.00,9439.29,7.61,7.61,100.00
Thread,23,92,60813.63,150.00,95,220.00,6600.72,-8.42,-8.42,100.00
Thread,19,77,60735.45,-120.00,79,440.00,-12915.04,5.28,5.28,100.00
Thread,20,83,48195.81,-760.00,82,130.00,47005.81,1.59,1.59,100.00
Thread,10,41,61179.20,0.00,40,140.00,60739.20,-10.75,-10.75,100.00
Thread,12,48,45962.20,-100.00,51,80.00,45492.20,-8.64,-8.64,100.00
Thread,14,58,60512.84,-180.00,57,-150.00,60182.84,-2.65,-2.65,100.00
Thread,13,54,47514.16,-360.00,53,320.00,-19210.79,1.25,1.25,100.00
Best,A&B,61784.84,-370.00
----------------------------------------
Execution,149999,150000,149999,149999,1649980,Eve-Adversary
Adversary,0,10,1649980
Best,Eve,160.00
Adversary,1,10,1649981
Best,Eve,170.00
Adversary,2,10,1649982
Best,Eve,280.00
Adversary,3,10,1649983
Best,Eve,210.00
Adversary,4,10,1649984
Best,Eve,130.00
Adversary,5,10,1649985
Best,Eve,110.00
Adversary,6,10,1649986
Best,Eve,110.00
Adversary,7,10,1649987
Best,Eve,230.00
Adversary,8,10,1649988
Best,Eve,80.00
Adversary,9,10,1649989
Best,Eve,290.00
Execution,149999,150000,149999,149999,1649990,Alice-Encrypt
Thread,6,25,47800.41,-170.00,27,40.00,-27687.09,-4.31,-4.31,100.00
Thread,3,14,48272.77,-760.00,15,110.00,47062.77,-4.37,-4.37,100.00
Thread,7,31,61057.78,40.00,29,220.00,60557.78,-10.99,-10.99,100.00
Thread,0,3,47925.08,-110.00,0,90.00,47425.08,-9.21,-9.21,100.00
Thread,9,38,47921.72,-770.00,39,-100.00,46951.72,1.39,1.39,100.00
Thread,2,8,46796.94,-160.00,9,360.00,-20352.66,3.20,3.20,100.00
Thread,5,21,43571.66,30.00,23,110.00,-5855.03,-16.19,-16.19,100.00
Thread,8,33,47786.07,-320.00,35,350.00,-15380.18,6.10,6.10,100.00
Thread,10,43,45269.80,-170.00,42,200.00,44599.80,2.88,2.88,100.00
Thread,4,18,47383.09,-150.00,16,110.00,46843.09,-7.60,-7.60,100.00
Thread,1,7,47984.09,-40.00,5,230.00,47384.09,-13.11,-13.11,100.00
Thread,19,77,60610.61,-100.00,76,300.00,3925.59,-4.09,-4.09,100.00
Thread,13,54,58232.16,-200.00,52,130.00,-9046.58,-15.66,-15.66,100.00
Thread,11,45,60396.08,20.00,46,390.00,-7775.33,3.53,3.53,100.00
Thread,20,81,48434.55,-270.00,82,620.00,47304.55,-6.87,-6.87,100.00
Thread,12,48,61091.72,-330.00,51,120.00,60341.72,7.68,7.68,100.00
Thread,15,60,61195.50,-250.00,63,170.00,60445.50,8.24,8.24,100.00
Thread,14,56,49075.45,-750.00,57,240.00,47805.45,-9.51,-9.51,100.00
Thread,16,64,48008.71,-350.00,66,110.00,47258.71,-2.32,-2.32,100.00
Thread,21,84,48381.39,-130.00,87,310.00,47651.39,-8.78,-8.78,100.00
Thread,22,88,44784.44,-30.00,90,80.00,-18528.37,-4.21,-4.21,100.00
Thread,23,92,61728.28,-280.00,95,70.00,-4023.51,-13.38,-13.38,100.00
Thread,17,71,47580.88,-60.00,69,270.00,46950.88,1.10,1.10,100.00
Thread,18,73,61245.22,-760.00,74,-40.00,-29565.17,-5.24,-5.24,100.00
Best,A&B,61728.28,-280.00
Execution,149999,150000,150000,149999,1649990,Bob-Decrypt
Thread,3,15,48260.84,-980.00,12,60.00,46900.84,-3.45,-3.45,100.00
Thread,1,4,47780.91,-140.00,6,80.00,10530.91,2.17,2.17,100.00
Thread,7,29,60306.41,-240.00,30,90.00,-15206.19,1.64,1.64,100.00
Thread,8,35,60672.20,-690.00,32,270.00,59442.20,0.18,0.18,100.00
Thread,6,26,46976.72,-370.00,24,110.00,-6754.08,2.06,2.06,100.00
Thread,4,17,60381.78,-350.00,19,420.00,59311.78,-0.58,-0.58,100.00
Thread,0,3,47948.62,-260.00,0,-10.00,47408.62,-8.27,-8.27,100.00
Thread,2,9,46560.71,-20.00,8,110.00,46130.71,2.30,2.30,100.00
Thread,5,21,-15043.05,0.00,20,40.00,-65080.00,4.48,8.24,52.98
Thread,10,41,48659.29,-60.00,43,100.00,48159.29,-12.10,-12.10,100.00
Thread,9,38,46206.39,-770.00,39,160.00,44986.39,-15.35,-15.35,100.00
Thread,17,70,48691.23,-440.00,68,190.00,47771.23,-7.68,-7.68,100.00
Thread,22,89,47654.65,70.00,90,120.00,14234.68,-2.80,-2.80,100.00
Thread,11,45,57193.64,-220.00,46,250.00,-57090.55,23.13,23.13,100.00
Thread,23,92,60660.18,-340.00,94,120.00,6786.14,-2.63,-2.63,100.00
Thread,14,56,61422.88,-750.00,57,160.00,60202.88,-6.85,-6.85,100.00
Thread,12,48,47049.30,-170.00,49,-10.00,46549.30,5.32,5.32,100.00
Thread,18,73,61016.69,-760.00,74,440.00,59566.69,2.18,2.18,100.00
Thread,15,60,61944.64,-520.00,63,-70.00,61164.64,-13.12,-13.12,100.00
Thread,13,54,60345.22,-140.00,52,140.00,-7314.32,-1.92,-1.92,100.00
Thread,20,81,46608.82,120.00,82,190.00,46278.82,6.22,6.22,100.00
Thread,19,77,47668.18,30.00,76,290.00,15173.18,3.64,3.64,100.00
Thread,21,84,60507.66,-70.00,85,270.00,59847.66,-3.63,-3.63,100.00
Thread,16,64,44931.77,-430.00,65,170.00,44031.77,15.99,15.99,100.00
Best,A&B,61944.64,-520.00
----------------------------------------
TimeDiff: 10493 secs
Last best score: 61944.640625
