Thread,6,26,60543.38,40.00,25,30.00,-38970.08,-4.64,-4.64,100.00
Thread,5,21,45827.64,-760.00,20,130.00,44637.64,-16.38,-16.38,100.00
Thread,0,0,58543.72,-750.00,2,190.00,57323.72,17.65,17.65,100.00
Thread,4,16,61126.69,-330.00,18,-120.00,-27935.37,-6.84,-6.84,100.00
Thread,8,34,61464.88,-750.00,32,140.00,8244.07,-6.09,-6.09,100.00
Thread,9,36,61423.24,-750.00,37,160.00,60183.24,-6.86,-6.86,100.00
Thread,1,5,48099.02,-400.00,7,50.00,47339.02,5.85,5.85,100.00
Thread,7,31,48244.71,-90.00,28,-10.00,-4207.04,-6.59,-6.59,100.00
Thread,15,62,49017.05,-120.00,61,-80.00,13397.05,13.64,13.64,100.00
Thread,21,84,45223.07,-750.00,87,-200.00,-8851.52,23.22,23.22,100.00
Thread,11,45,60550.43,-440.00,44,360.00,59450.43,-0.81,-0.81,100.00
Thread,22,88,60963.67,70.00,89,380.00,22763.64,-9.10,-9.10,100.00
Thread,10,40,47643.41,-200.00,43,270.00,-16719.00,0.55,0.55,100.00
Thread,19,78,60765.05,70.00,79,250.00,60285.05,-8.48,-8.48,100.00
Thread,18,72,57869.74,-170.00,73,210.00,57209.74,18.40,18.40,100.00
Thread,16,65,61245.35,-750.00,64,-80.00,60275.35,-5.24,-5.24,100.00
Thread,17,68,48739.71,50.00,70,80.00,-19774.67,-13.01,-13.01,100.00
Thread,12,51,61310.38,10.00,48,220.00,60800.38,-11.59,-11.59,100.00
Thread,13,54,60565.60,-90.00,52,350.00,22770.60,3.96,3.96,100.00
Thread,23,92,61196.97,-750.00,94,50.00,28961.99,-4.81,-4.81,100.00
Thread,20,83,60962.90,-740.00,80,-10.00,-9332.64,2.78,2.78,100.00
Thread,14,58,-2749.28,-410.00,56,370.00,-3584.28,-11.54,-11.54,100.00
Best,A&B,61464.88,-750.00
----------------------------------------
Execution,149999,150000,149999,149999,1649980,Eve-Adversary
Adversary,0,10,1649980
Best,Eve,100.00
Adversary,1,10,1649981
Best,Eve,110.00
Adversary,2,10,1649982
Best,Eve,140.00
Adversary,3,10,1649983
Best,Eve,120.00
Adversary,4,10,1649984
Best,Eve,180.00
Adversary,5,10,1649985
Best,Eve,150.00
Adversary,6,10,1649986
Best,Eve,190.00
Adversary,7,10,1649987
Best,Eve,210.00
Adversary,8,10,1649988
Best,Eve,140.00
Adversary,9,10,1649989
Best,Eve,330.00
Execution,149999,150000,149999,149999,1649990,Alice-Encrypt
Thread,10,40,60161.70,-50.00,41,130.00,59711.70,0.90,0.90,100.00
Thread,5,21,47389.77,-740.00,20,270.00,-6489.92,-10.15,-10.15,100.00
Thread,4,19,48472.03,-740.00,18,150.00,47282.03,-6.16,-6.16,100.00
Thread,1,6,47515.50,-740.00,4,270.00,46185.50,-1.14,-1.14,100.00
Thread,9,38,48102.35,-400.00,37,90.00,11732.35,2.78,2.78,100.00
Thread,6,26,47980.42,-600.00,25,210.00,-21492.66,-6.37,-6.37,100.00
Thread,3,13,48486.30,-720.00,14,-170.00,-28021.53,-5.16,-5.16,100.00
Thread,7,31,48232.73,-720.00,29,310.00,46842.73,-0.87,-0.87,100.00
Thread,0,0,60344.15,-70.00,2,260.00,59714.15,-2.24,-2.24,100.00
Thread,8,32,44613.82,-100.00,34,130.00,44103.82,-22.89,-22.89,100.00
Thread,2,11,47530.73,-180.00,9,220.00,46840.73,0.65,0.65,100.00
Thread,15,60,60316.52,-110.00,62,-20.00,59956.52,2.73,2.73,100.00
Thread,11,47,48115.06,-110.00,45,-60.00,47795.06,7.62,7.62,100.00
Thread,14,56,48410.28,-750.00,58,130.00,47210.28,10.35,10.35,100.00
Thread,21,84,47375.47,80.00,85,170.00,47005.47,0.65,0.65,100.00
Thread,19,79,47936.83,190.00,79,190.00,47646.83,10.02,10.02,100.00
Thread,12,50,47974.49,0.00,48,130.00,47554.49,-4.96,-4.96,100.00
Thread,22,88,60089.83,370.00,88,370.00,59799.83,3.82,3.82,100.00
Thread,13,53,48811.85,-760.00,52,-20.00,47771.85,13.25,13.25,100.00
Thread,23,95,47640.66,-740.00,92,110.00,46460.66,-0.13,-0.13,100.00
Thread,16,65,61219.77,-390.00,64,60.00,60469.77,7.06,7.06,100.00
Thread,17,68,47343.65,-170.00,71,210.00,46673.65,0.39,0.39,100.00
Thread,20,81,61357.32,-770.00,83,100.00,60207.32,5.12,5.12,100.00
Thread,18,73,60598.21,-260.00,74,180.00,-4339.25,4.03,4.03,100.00
Best,A&B,61357.32,-770.00
Execution,149999,150000,150000,149999,1649990,Bob-Decrypt
Thread,1,7,61618.69,-200.00,4,-100.00,61208.69,13.16,13.16,100.00
Thread,8,33,61094.26,-50.00,32,150.00,60594.26,-9.94,-9.94,100.00
Thread,4,19,49313.12,-750.00,17,240.00,22233.04,10.64,10.64,100.00
Thread,9,38,49463.28,-640.00,36,-20.00,48553.28,13.48,13.48,100.00
Thread,0,1,60543.57,-80.00,2,90.00,60053.57,3.77,3.77,100.00
Thread,5,23,60338.54,-250.00,20,240.00,-7661.08,1.90,1.90,100.00
Thread,2,11,56977.01,-80.00,8,190.00,56397.01,-23.82,-23.82,100.00
Thread,3,13,61483.50,-720.00,12,670.00,59793.50,6.26,6.26,100.00
Thread,6,25,47733.87,30.00,26,490.00,46953.87,-3.47,-3.47,100.00
Thread,12,48,61203.02,-370.00,50,170.00,60423.02,-7.18,-7.18,100.00
Thread,7,31,58500.70,-780.00,30,450.00,56970.70,-17.99,-17.99,100.00
Thread,17,69,48084.38,-210.00,70,120.00,-15147.44,-4.08,-4.08,100.00
Thread,11,46,9619.28,-140.00,47,-60.00,-14704.25,-1.79,12.79,74.16
Thread,14,58,57421.04,-50.00,59,150.00,-9927.31,19.03,19.03,100.00
Thread,10,40,57969.92,-120.00,41,80.00,57469.92,16.20,16.20,100.00
Thread,18,75,48088.27,-240.00,74,140.00,-18430.63,3.85,3.85,100.00
Thread,15,60,60755.00,190.00,60,190.00,60465.00,-9.45,-9.45,100.00
Thread,13,53,61155.76,-760.00,52,-160.00,60255.76,-3.36,-3.36,100.00
Thread,16,65,47432.50,20.00,66,240.00,-28532.36,-1.65,-1.65,100.00
Thread,22,89,60856.45,180.00,89,200.00,60586.45,9.32,9.32,100.00
Thread,19,79,60901.44,-10.00,78,90.00,19781.18,7.63,7.63,100.00
Thread,21,86,47019.71,-290.00,85,140.00,46289.71,-9.80,-9.80,100.00
Thread,23,93,48107.54,-770.00,94,150.00,46907.54,-9.83,-9.83,100.00
Thread,20,81,48947.47,-760.00,83,240.00,47657.47,7.08,7.08,100.00
Best,A&B,61618.69,-200.00
----------------------------------------
TimeDiff: 9808 secs
Last best score: 61618.687500
