Thread,2,8,-97318.30,-100.00,10,110.00,-99258.29,2.63,0.15,3.58
Thread,9,38,-82708.53,120.00,37,380.00,-108281.98,8.01,3.05,11.22
Thread,5,21,-77849.00,-70.00,22,-10.00,-120484.32,18.42,3.83,19.24
Thread,3,15,-65763.60,260.00,15,260.00,-65418.60,11.21,-0.47,15.67
Thread,0,3,-70604.56,-740.00,2,100.00,-191385.62,19.81,0.31,18.13
Thread,7,29,-89632.82,-370.00,30,90.00,-97201.23,14.86,0.21,11.69
Thread,6,25,-80095.27,-770.00,24,100.00,-94342.98,20.90,2.03,11.37
Thread,1,5,-100916.50,-290.00,4,30.00,-101902.03,11.88,2.35,16.17
Thread,17,70,-77624.01,-20.00,68,0.00,-130598.95,6.85,2.24,20.54
Thread,15,63,-82345.73,10.00,61,60.00,-99501.73,17.76,-0.65,11.99
Thread,20,82,-71958.02,1070.00,82,1070.00,-71683.02,10.11,-1.36,22.51
Thread,16,67,-84302.66,100.00,67,120.00,-83847.66,28.85,-1.79,7.62
Thread,13,55,-75056.89,-20.00,55,-20.00,-74781.89,12.07,8.18,20.88
Thread,10,41,-91265.75,-360.00,40,0.00,-131473.12,5.53,1.44,8.69
Thread,14,56,-64070.75,-30.00,56,-30.00,-63820.75,24.26,-1.92,18.87
Thread,12,50,-74234.98,380.00,50,390.00,-73799.98,26.25,-3.28,9.27
Thread,11,44,-99472.02,40.00,47,580.00,-122215.17,41.25,6.48,8.56
Thread,18,73,-66145.27,-70.00,72,160.00,-140389.20,7.50,5.39,38.34
Thread,21,86,-98384.21,-710.00,85,130.00,-108277.06,15.54,-0.16,13.13
Thread,23,92,-90320.77,-750.00,94,360.00,-125337.65,2.43,-0.97,-0.31
Thread,22,91,-100585.89,-390.00,88,200.00,-118131.99,-1.04,2.08,6.32
Thread,19,76,-82693.91,-750.00,77,-310.00,-86133.42,-3.81,-6.87,16.05
Best,A&B,-64070.75,-30.00
----------------------------------------
Execution,149999,150000,149999,149999,1649980,Eve-Adversary
Adversary,0,10,1649980
Best,Eve,160.00
Adversary,1,10,1649981
Best,Eve,130.00
Adversary,2,10,1649982
Best,Eve,140.00
Adversary,3,10,1649983
Best,Eve,180.00
Adversary,4,10,1649984
Best,Eve,120.00
Adversary,5,10,1649985
Best,Eve,70.00
Adversary,6,10,1649986
Best,Eve,140.00
Adversary,7,10,1649987
Best,Eve,410.00
Adversary,8,10,1649988
Best,Eve,220.00
Adversary,9,10,1649989
Best,Eve,180.00
Execution,149999,150000,149999,149999,1649990,Alice-Encrypt
Thread,8,32,-107473.96,-430.00,34,50.00,-110898.85,36.83,1.25,12.21
Thread,1,5,-70758.55,-230.00,4,-200.00,-94733.97,17.95,3.46,15.55
Thread,5,20,-73186.63,40.00,20,40.00,-72921.63,13.62,-1.24,16.37
Thread,7,31,-105124.25,-30.00,29,210.00,-119667.02,26.64,-3.20,1.43
Thread,6,25,-52063.37,-150.00,24,210.00,-115753.57,28.24,1.05,13.33
Thread,3,14,-67998.36,100.00,14,110.00,-67628.36,9.82,0.40,17.65
Thread,2,9,-77974.78,-160.00,8,200.00,-85663.19,1.17,-3.61,12.08
Thread,10,41,-88835.20,190.00,41,200.00,-88570.20,3.38,2.58,10.72
Thread,0,3,-83038.91,60.00,3,50.00,-82828.91,-4.61,4.63,20.68
Thread,4,18,-84279.55,-220.00,17,350.00,-97000.33,1.55,0.32,6.49
Thread,9,38,-108106.97,40.00,38,50.00,-107596.97,-3.98,-4.68,4.57
Thread,11,44,-97379.06,300.00,44,300.00,-96939.06,4.33,4.81,4.55
Thread,15,61,-83350.17,-730.00,63,100.00,-97644.71,-1.57,3.28,10.75
Thread,20,80,-80039.08,-60.00,81,130.00,-122147.94,7.59,-3.42,22.75
Thread,12,50,-86355.30,-230.00,51,140.00,-93507.86,18.42,0.29,11.18
Thread,13,53,-92332.59,-180.00,53,-160.00,-91767.59,1.10,6.87,12.94
Thread,14,59,-74805.00,180.00,59,150.00,-74540.00,-1.91,4.25,10.53
Thread,16,67,-84946.34,-70.00,66,40.00,-108484.40,7.52,2.98,9.26
Thread,21,87,-94786.17,-20.00,85,110.00,-111624.78,-1.23,-0.75,12.61
Thread,17,70,-88522.68,40.00,70,40.00,-88227.68,7.28,-4.59,12.03
Thread,22,90,-64719.72,140.00,89,130.00,-97982.19,12.78,-3.13,27.61
Thread,19,78,-84878.73,-200.00,77,100.00,-103557.64,4.94,3.70,4.36
Thread,18,73,-80467.11,-380.00,72,240.00,-136905.84,0.44,-2.80,21.87
Thread,23,95,-89070.80,-230.00,93,110.00,-97382.51,4.18,2.95,12.73
Best,A&B,-52063.37,-150.00
Execution,149999,150000,150000,149999,1649990,Bob-Decrypt
Thread,2,8,-86244.92,-300.00,9,-50.00,-209074.02,6.30,1.73,20.86
Thread,9,36,-94809.50,50.00,39,100.00,-108896.20,-1.65,-2.06,-0.23
Thread,6,26,-84000.39,-80.00,25,-10.00,-91561.88,12.49,-0.59,13.09
Thread,8,32,-89530.50,-80.00,32,-80.00,-89130.50,-2.00,0.12,10.55
Thread,5,21,-81019.64,-740.00,20,80.00,-105502.65,0.22,-1.49,31.01
Thread,4,19,-79800.83,50.00,19,70.00,-79395.83,-4.86,-1.46,25.95
Thread,3,15,-64223.68,-230.00,14,150.00,-182318.09,10.75,3.22,26.33
Thread,7,30,-105332.61,-30.00,30,-40.00,-104842.61,-1.66,-0.84,8.07
Thread,0,0,-84136.17,160.00,0,160.00,-83776.17,-0.12,-3.50,3.77
Thread,1,7,-101314.48,-790.00,4,200.00,-106423.87,0.30,-9.19,0.30
Thread,15,60,-74830.59,120.00,60,120.00,-74425.59,1.72,6.55,15.23
Thread,12,49,-102516.12,40.00,50,190.00,-117746.57,-0.80,0.90,11.14
Thread,20,80,-79347.30,-170.00,82,-40.00,-109565.02,5.60,-0.97,16.06
Thread,11,44,-96097.19,310.00,46,370.00,-121659.58,0.78,2.29,5.35
Thread,10,43,-94645.45,-760.00,41,-40.00,-109139.86,2.07,0.24,-0.48
Thread,22,91,-84219.31,90.00,88,260.00,-121571.05,8.18,-3.37,5.11
Thread,16,67,-108454.63,30.00,65,30.00,-113714.20,23.21,-3.87,9.20
Thread,13,55,-80508.04,-280.00,53,150.00,-111839.80,9.75,0.42,30.68
Thread,21,84,-94312.37,0.00,87,120.00,-111108.94,14.17,-0.13,21.57
Thread,14,59,-79819.45,-160.00,56,380.00,-94427.97,18.93,4.42,9.58
Thread,23,95,-85984.92,70.00,94,90.00,-99796.67,-6.40,-0.46,12.10
Thread,17,68,-103526.22,120.00,68,120.00,-102921.22,3.73,-4.47,-2.28
Thread,18,74,-108196.95,120.00,74,100.00,-107931.95,14.89,-0.98,2.49
Thread,19,78,-101373.05,120.00,79,180.00,-135561.16,4.27,4.70,6.06
Best,A&B,-64223.68,-230.00
----------------------------------------
TimeDiff: 15374 secs
Last best score: -64223.679688
