Thread,0,3,50299.89,-730.00,1,130.00,49279.89,6.87,6.87,100.00
Thread,6,24,50301.51,-390.00,27,370.00,49411.51,-10.37,-10.37,100.00
Thread,9,36,49890.85,-150.00,37,140.00,49460.85,-8.68,-8.68,100.00
Thread,3,13,37697.44,-790.00,12,290.00,36467.44,7.08,7.08,100.00
Thread,2,8,49794.84,-130.00,9,270.00,49254.84,7.95,7.95,100.00
Thread,8,32,49739.56,-750.00,34,30.00,-8650.09,-3.01,-3.01,100.00
Thread,22,88,49352.67,-470.00,91,150.00,48602.67,-1.07,-1.07,100.00
Thread,5,23,49516.80,-720.00,21,250.00,6107.41,0.13,0.13,100.00
Thread,7,30,49706.70,-720.00,29,300.00,48536.70,1.68,1.68,100.00
Thread,23,93,49300.42,-130.00,92,230.00,48790.42,3.66,3.66,100.00
Thread,12,48,36723.04,-220.00,49,130.00,36213.04,10.03,10.03,100.00
Thread,11,45,48934.59,-190.00,46,-40.00,48664.59,-0.36,-0.36,100.00
Thread,14,58,49376.34,120.00,59,300.00,49056.34,-6.29,-6.29,100.00
Thread,10,41,49450.68,-400.00,43,300.00,48630.68,-2.55,-2.55,100.00
Thread,13,53,49464.54,-350.00,52,220.00,48744.54,-2.75,-2.75,100.00
Thread,15,61,49993.33,-520.00,62,160.00,18933.29,-6.17,-6.17,100.00
Thread,18,74,46767.82,-250.00,72,90.00,-37425.00,17.54,17.54,100.00
Thread,16,66,49631.71,-210.00,64,260.00,49041.71,5.61,5.61,100.00
Thread,17,69,37882.73,-750.00,68,220.00,36762.73,-8.84,-8.84,100.00
Thread,21,87,49473.68,-90.00,86,360.00,48873.68,-5.09,-5.09,100.00
Thread,20,80,35039.32,-210.00,82,270.00,-28085.00,4.87,4.87,100.00
Thread,19,78,49893.75,-260.00,76,10.00,-37455.00,-7.75,-7.75,100.00
Best,A&B,50301.51,-390.00
----------------------------------------
Execution,149999,150000,149999,149999,1649980,Eve-Adversary
Adversary,0,10,1649980
Best,Eve,90.00
Adversary,1,10,1649981
Best,Eve,110.00
Adversary,2,10,1649982
Best,Eve,270.00
Adversary,3,10,1649983
Best,Eve,180.00
Adversary,4,10,1649984
Best,Eve,150.00
Adversary,5,10,1649985
Best,Eve,210.00
Adversary,6,10,1649986
Best,Eve,120.00
Adversary,7,10,1649987
Best,Eve,170.00
Adversary,8,10,1649988
Best,Eve,120.00
Adversary,9,10,1649989
Best,Eve,120.00
Execution,149999,150000,149999,149999,1649990,Alice-Encrypt
Thread,3,12,50181.95,-750.00,13,170.00,49101.95,5.79,5.79,100.00
Thread,6,26,38003.44,-700.00,24,260.00,36823.44,-10.03,-10.03,100.00
Thread,8,33,46109.43,-160.00,33,-140.00,45939.43,22.24,22.24,100.00
Thread,12,50,50415.80,-750.00,51,90.00,49385.80,7.96,7.96,100.00
Thread,9,38,37205.28,-750.00,36,-20.00,-28380.00,-2.72,-2.72,100.00
Thread,2,11,37350.96,-220.00,8,30.00,36930.96,-12.65,-12.65,100.00
Thread,0,0,49506.04,-750.00,1,120.00,48496.04,-0.05,-0.05,100.00
Thread,7,28,46834.51,-150.00,30,390.00,46144.51,16.52,16.52,100.00
Thread,5,22,36709.48,-210.00,21,120.00,-6355.58,7.76,7.76,100.00
Thread,4,17,37856.73,-760.00,16,380.00,36566.73,-9.82,-9.82,100.00
Thread,15,61,51009.22,-760.00,60,240.00,1274.22,14.05,14.05,100.00
Thread,10,41,45492.37,-750.00,40,150.00,44442.37,-32.06,-32.06,100.00
Thread,11,45,49316.18,-20.00,47,280.00,48826.18,-5.51,-5.51,100.00
Thread,1,7,35466.70,-740.00,5,-100.00,34686.70,0.74,0.74,100.00
Thread,13,54,46731.44,-190.00,52,-90.00,46421.44,-17.83,-17.83,100.00
Thread,16,64,49138.53,-320.00,65,250.00,48398.53,-0.55,-0.55,100.00
Thread,14,56,36776.00,-750.00,57,340.00,35566.00,-4.40,-4.40,100.00
Thread,18,74,50057.58,-480.00,75,120.00,49307.58,7.22,7.22,100.00
Thread,20,82,50606.73,-750.00,81,-70.00,49776.73,9.82,9.82,100.00
Thread,22,91,49619.90,60.00,90,110.00,-16641.98,8.09,8.09,100.00
Thread,21,85,49819.51,-260.00,84,220.00,-15700.00,-7.05,-7.05,100.00
Thread,17,68,47037.62,-750.00,71,130.00,46007.62,19.70,19.70,100.00
Thread,19,77,49170.35,230.00,77,210.00,49020.35,5.33,5.33,100.00
Thread,23,92,50739.54,-750.00,95,170.00,49679.54,11.16,11.16,100.00
Best,A&B,51009.22,-760.00
Execution,149999,150000,150000,149999,1649990,Bob-Decrypt
Thread,10,43,50253.55,-740.00,40,40.00,49323.55,-6.44,-6.44,100.00
Thread,8,33,49310.73,30.00,32,540.00,13020.73,-4.88,-4.88,100.00
Thread,9,38,50530.08,-770.00,36,-60.00,-15465.00,-9.06,-9.06,100.00
Thread,0,0,37184.52,-750.00,2,50.00,73411.25,2.54,2.54,100.00
Thread,4,17,50227.26,-750.00,18,150.00,49187.26,-6.20,-6.20,100.00
Thread,1,7,49527.73,-750.00,5,390.00,48237.73,-1.24,-1.24,100.00
Thread,6,26,50716.70,-730.00,25,200.00,-15590.00,10.93,10.93,100.00
Thread,2,9,49188.05,-150.00,11,350.00,48538.05,2.19,2.19,100.00
Thread,7,31,51001.48,-730.00,30,70.00,862.31,-13.96,-13.96,100.00
Thread,3,12,47461.62,-750.00,15,-50.00,46581.62,-16.31,-16.31,100.00
Thread,5,23,37724.29,-110.00,21,60.00,-16420.49,-13.94,-13.94,100.00
Thread,15,61,50447.63,-770.00,60,130.00,-37760.00,-8.26,-8.26,100.00
Thread,11,47,36292.79,-60.00,45,70.00,36022.79,0.71,0.71,100.00
Thread,13,52,50324.89,-160.00,53,260.00,49754.89,13.01,13.01,100.00
Thread,12,51,49539.52,-370.00,49,-50.00,49079.52,-3.56,-3.56,100.00
Thread,21,86,32447.86,-70.00,84,300.00,-35805.00,-22.30,-22.30,100.00
Thread,22,91,928.31,-190.00,90,-40.00,-38562.44,-1.75,-1.79,99.93
Thread,16,65,50354.50,-300.00,67,190.00,49734.50,12.05,12.05,100.00
Thread,20,82,49694.02,-730.00,81,310.00,48504.02,-1.58,-1.58,100.00
Thread,14,56,37554.43,-750.00,57,-170.00,-9999.06,-5.77,-5.77,100.00
Thread,17,68,49853.71,-750.00,69,250.00,-15645.00,2.91,2.91,100.00
Thread,23,92,49636.67,-750.00,94,-80.00,-37500.00,1.11,1.11,100.00
Thread,19,79,50797.87,-760.00,78,470.00,-2642.64,11.77,11.77,100.00
Thread,18,74,50070.48,-400.00,72,-70.00,-37730.00,-8.10,-8.10,100.00
Best,A&B,51001.48,-730.00
----------------------------------------
TimeDiff: 8196 secs
Last best score: 51001.476562
